4831060,39
8765342,12548
45510,4644
8805264,45
9292708,1
8788778,55
8770188,612
8771006,280
8767174,790
718756,685
213549,113
3263129,16
1824077,3
8762945,11663
8795949,138
9292849,6
85174,4133
8777745,243
8763519,6614
8763520,9737
1824132,1
8781594,102
288024,165
8780676,145
8763514,3684
79981,3504
1824176,1
9292907,1
8791667,623
9292933,2
3501574,8
99548,388
8857921,173
414312,357
4059268,68
3428389,184
8780266,177
29770,3790
9208589,5
716544,101
9227777,17
65338,16
8878605,156
1485109,10
9207836,8
2133207,558
9021234,14
9293179,1
1535450,2
4955155,6
667144,134
924732,115
663653,4
1825488,15
4570434,222
148027,613
1569667,4
8953188,61
211658,23
9048062,6
8934204,37
372361,166
1279550,32
1092,27
1825859,18
220888,128
633440,266
8771491,2774
4124905,297
582356,22
446232,431
1660366,190
1826063,2
8789164,11
1144146,8
684429,2
300623,5
2248781,9
1826195,43
9293800,2
9293889,1
739339,82
2436332,18
2399542,194
206775,106
222291,21
424571,226
9294112,2
5404058,10
1800031,6
9294214,1
9294219,1
9043936,18
3377113,61
9294418,7
9294465,1
8782841,85
5963228,45
9175448,35
283943,26
4659103,11
4693663,23
374772,18
1826585,2
9294873,4
9294921,1
432156,4
3512728,8
8807264,151
1969981,4
1817971,118
8975221,3
2966202,2
55270,228
1826971,3
4708376,6
1177683,8
851388,2
8795051,193
1413278,235
1827055,3
950145,582
232659,40
61919,11
553894,29
3188156,29
68027,234
15318,23
248387,946
8836705,28
4389691,3
958805,26
1500806,16
655587,7
896536,5
1061511,15
1499368,240
9037301,2
8780480,36
1386055,2
9296141,1
6901047,9
1829305,6
1829353,8
287272,33
263100,192
6747100,43
238458,214
1829691,4
736758,9
894277,44
1569223,20
15225,223
2519302,33
20512,35
436111,48
1369852,67
8778427,718
8888406,15
694464,90
70363,258
3055580,68
63273,14
198205,14
7059968,16
8964963,17
746755,53
8767955,537
9297319,1
1642588,15
2328227,15
549921,110
1809543,6
364948,3
373536,1
282124,36
241975,236
734642,5
241372,178
241800,33
244118,77
1832218,1
696971,672
218621,63
919302,33
285714,24
5965452,6
1754261,10
8991,22
1122289,1208
8880102,20
8063036,25
9148021,5
1776068,152
1592692,3
1832731,1
438435,21
89960,435
1316,351
193805,41
7095625,1
8843894,54
781216,55
1359005,8
177046,6
635444,4
7104128,2
662425,89
602260,17
5475253,5
637816,66
47650,94
22121,273
1426054,12
22517,8
8265336,2
9019926,8
677072,315
2443660,87
672544,48
5966379,3
410586,74
2474786,2
8794425,15
80345,3
572947,4
9298792,1
572950,55
8850879,32
33977,53
32347,86
447810,102
233686,19
41446,259
14045,51
1688104,7
9298995,1
947347,75
9299054,1
9299199,1
9299330,1
410819,30
207387,71
256171,13
9299457,2
619697,440
1836983,40
1837066,1
9299564,9
32537,5
528229,2
1837282,2
8813916,77
4683893,7
264305,5
186757,48
728440,1
752087,29
2362052,7
436269,9
2536832,13
8790465,14
764983,189
420151,7
716853,7
2043161,4
1356890,23
1280991,3
407687,100
1837918,41
33136,6
25753,12
5905472,151
1838217,2
9300981,1
1387600,16
6135515,1
49107,156
2455961,38
373850,1
3201842,9
1838625,9
1838764,5
937690,2
8781605,178
8804859,22
397796,3
65134,54
407567,86
20799,48
8968315,14
5037416,2
1840413,2
9110765,20
1114356,26
1733514,65
4527532,13
9302518,1
4277088,1
55789,867
284186,25
564341,60
747435,2
1840951,9
52062,244
201703,614
72738,182
2152080,3
8832003,5
5567677,8
1407745,39
1410843,81
1841258,3
1841274,2
1841563,2
6889499,5
1629687,7
8805144,71
903894,17
210653,26
1824061,41
1950961,3393
9293270,1
1825352,3
8768735,260
8768801,150
1586106,9
9295293,1
4178995,1
9295569,2
8769032,157
1444387,23
9296232,1
9296379,2
9296464,1
1829884,6
9296498,1
9296524,1
9296569,1
1429406,26
640264,34
3324927,17
9296969,1
9296998,11
9297089,1
1831281,1
251232,776
9297368,1
8375806,2
2785595,41
9297451,1
130187,10
940051,364
1118329,185
8899705,15
9297805,1
1833560,1
1834109,17
9298093,1
9298341,1
5541957,148
9298516,2
9298530,1
2086074,82
9298772,5
8793568,108
15622,68
2346473,33
1172321,92
8961585,4
1306418,30
7055351,34
1835535,1
1835539,12
121801,17
8901275,9
9299097,1
593912,18
255727,1
254970,2
1836561,1
254285,2
639697,6
1836877,5
915227,34
567903,15
9299837,1
9299849,1
9299870,1
9300127,1
8905743,15
9300286,4
8770994,156
1837517,1
1837580,1
9300556,3
9300632,1
1510449,186
5791406,5
259880,34
9301085,2
9301190,2
8820585,10
9301413,5
9301492,7
9301567,1
9301665,1
9301728,1
11355,240
3142713,7
9301802,1
9301870,1
3344,124
1928742,4
9302159,1
1840116,3
9112084,2
1840369,17
8958835,44
645187,28
9302615,1
8911917,12
2670113,118
740551,8
678321,25
653776,69
1521258,14
1841297,1
1841632,4
9303008,3
9027714,4
3376652,22
1042367,32
224390,62
126398,11
8972534,13
1842196,8
1525717,4
153534,258
270278,232
1458303,19
8836905,38
9303413,1
3347166,7
388433,47
8895812,86
9303572,1
9303677,1
454933,14
1842971,5
157437,2
1842914,3
9303967,33
6583716,17
8784757,87
9304303,26
9304332,3
566004,159
1605745,38
7545687,4
1013209,44
9304590,1
570889,31
1843878,1
5377276,1
4809796,1
438356,42
418087,151
160462,161
1497922,193
1844871,4
653879,226
1448699,21
302443,125
1096566,281
8299265,3
1845597,69
1845606,1
1845885,58
1845933,120
455120,338
1846261,13
217439,150
1846569,41
1846351,133
1846716,27
1778444,77
53247,131
1846812,36
56545,611
1847082,157
1417671,95
1847375,4
1847434,60
1847548,3
1847838,69
267594,147
1501601,211
224176,259
7883219,199
106530,26
994511,216
1848076,43
620036,307
1848479,79
1848709,53
1848884,1
1848886,75
1848934,114
1848980,2
601261,68
1849194,106
935235,182
1561770,29
9305094,24
27811,44
291475,136
1849636,56
1849559,112
1014265,150
7419870,107
1849730,184
87204,422
67328,17
250252,461
118084,93
1850425,11
1850604,24
1850311,6
195870,377
991399,119
1850757,102
629950,100
1501661,114
956527,52
1851291,1
1851285,12
1851512,60
1851543,29
1292297,11
1851463,11
1851677,25
1851182,30
1851781,17
196110,395
1852222,56
1513271,132
928611,112
222839,196
1800615,10
1017038,1108
1852680,29
655231,42
1852902,77
1853043,2
9305154,3
1853286,68
1853303,1
183801,19
3989328,63
282464,20
1854531,8
408353,15
9250110,8
1854739,1
3089902,1
1854810,1
301921,180
9305335,1
1787747,3
5570178,35
9305472,1
9305485,1
531168,11
788816,18
1858212,2
9305550,3
9305574,1
217861,193
1616801,5
1762819,29
1858405,1
9305791,1
91743,94
1705240,32
9305889,1
9305897,5
1309540,58
676519,112
1858597,1
1859211,19
1859190,8
1314427,4
8878639,35
2332106,2
133505,42
604580,126
2396398,27
9114118,22
1764748,58
1545548,19
379455,7
375488,17
3064727,69
655014,142
9010361,58
9306624,2
9306668,3
9012507,12
9306748,1
8935822,9
8887643,52
9083484,4
9307087,2
9307121,2
205887,24
2955138,3
8784773,42
989608,4
1862278,7
9307406,4
1862517,22
253290,57
9149144,16
8772778,86
590156,7
1862946,1
9307546,2
1215251,13
2869876,3
43110,2
9307675,2
9307743,1
8735052,7
9307760,1
2872576,5
9307844,1
9307853,1
1863185,1
370278,2
6304112,1
9308170,1
2097052,1
1653803,19
1863502,6
9308301,1
9308410,1
9308414,1
1863697,1
615613,12
1863757,17
1864072,16
395073,10
6713790,6
9308713,1
5216385,3
9308772,1
4052388,8
1314634,19
99004,15
9309013,3
2369307,4
7050857,2
7377534,3
9309452,1
7046779,3
950052,18
1248520,10
9309611,3
8802421,57
1868628,1
4067423,8
100312,73
8794361,135
8973186,4
9309755,1
9309795,1
9309812,1
8539184,5
5724800,94
1438031,36
1869345,1
9310308,1
8776151,48
8776180,90
9310388,1
902788,118
2081833,6
239121,43
12144,138
1870536,3
1115178,3
1870621,1
240052,14
1755147,4
9310683,1
8875804,22
1870888,1
1871039,2
4401525,2
5541968,183
986755,6
9311010,6
3406549,11
68629,42
9311306,1
1829145,2
1040878,20
2681621,13
1872865,2
1621482,5
18216,1681
8784047,98
1873227,1
933461,2
1291991,121
10924,105
1873467,34
620435,19
1873520,3
906267,19
1873627,14
1387923,32
1873668,2
382536,88
1873765,5
1711568,9
248968,4
238757,191
585136,77
78508,21
243221,54
3335572,2
9311715,3
190899,9
1278145,9
1158843,71
922054,5
9311787,2
1874138,1
1874168,1
1874209,1
1189484,73
3276100,3
9077539,4
9312013,1
654242,11
722264,15
9068886,8
9312262,1
4379642,2
616735,158
1874733,3
9312444,1
9312490,1
981472,18
9181876,2
8875857,19
8865819,10
600249,85
8802918,119
232561,2
1875484,29
8829838,17
9312803,1
9312852,1
1875626,29
915614,15
1691873,1
174243,4
6474,42
1889783,2
6415,27
1882979,1
5546457,6
568625,10
1883344,1
4012371,54
1882512,4
1988153,18
2713309,3
1882995,2
9313421,1
413084,3
1884228,9
1884237,1
1219271,3
251565,191
9313549,2
615756,105
1891299,26
9313577,1
2266017,16
784180,5
9313692,3
9313697,2
19167,18
8794062,47
9156947,5
9313840,1
1190548,2
9313873,1
9313878,1
9313920,1
1891799,7
258817,17
8931251,8
1157395,2
129681,7
686202,86
573569,24
684492,269
9145900,17
4132523,7
3390857,20
9314106,3
220909,147
8894401,11
3399771,30
1892781,2
4211885,4
9314242,8
1219405,22
895114,13
1602467,8
547966,31
9314330,2
1893214,2
1893542,1
1893595,112
1893827,1
3278711,17
605949,67
5620755,16
214782,15
8784579,36
1896382,1
9314713,2
408169,2
1898174,19
6841809,2
2336686,9
1389437,21
1643067,16
9314924,1
449397,11
5033285,22
8882586,3
232034,42
7375298,6
628814,17
448925,49
53277,75
9315026,1
1898890,4
1898901,4
526052,22
9315165,2
9315187,1
4107122,16
9315334,1
1500185,40
15907,193
285341,151
1900018,56
1900033,48
1900030,49
661971,37
1900094,4
1143381,251
2114120,20
9315455,7
2317745,14
9315513,1
1775870,4
8080565,12
8075734,7
9315651,2
9315656,1
1583954,1
9315712,1
9315755,3
9315837,3
9168134,5
915781,10
3496376,6
4828379,29
9080458,4
227053,12
8791419,63
9316045,4
9316058,1
9316141,3
8907133,8
9316167,1
3091538,1
8784276,25
9316201,10
967678,3
9316363,1
1329448,9
3348363,4
2606491,6
257241,6
154308,98
1144831,40
9316673,1
1901297,1
4395695,2
1373835,27
9316801,1
9316827,1
8850831,21
430843,13
9317039,1
1903006,1
1173677,40
2128144,10
1368868,4
1903630,8
773265,23
116558,6778
9317194,1
6681,49
1200222,10
130748,7
9317230,1
8776709,61
1672329,3
2201316,17
1904354,8
8790694,58
8851168,29
8810787,26
1904536,1
1736480,14
1456543,111
3957374,1
901391,23
8790244,24
405873,3
9126601,24
898837,14
240147,33
995731,44
7392211,57
8893230,76
1905194,2
9317848,3
154523,71
391201,10
1348382,8
1429054,42
908950,73
1871418,8
618023,291
1083712,41
2286382,6
622210,8
1541247,4
655807,39
443090,7
389977,12
9318082,2
223898,49
8850813,57
8787590,34
1906746,1
1906757,1
9318348,1
1906742,1
9318431,1
1074440,103
8920102,41
9318641,1
9318642,1
90132,6
1907204,1
1186639,23
2491361,8
9318823,1
4067229,31
9319005,5
8804210,31
9227453,4
8777295,74
5764225,2
976291,3
3278511,37
153441,25
1907472,4
9319246,1
1907546,1
1907646,2
1907656,3
5419814,3
1907790,10
1907787,2
48360,3932
1907870,1
4231377,2
1908242,19
566512,353
5792606,4
8998495,10
9319523,1
8913735,22
9319580,1
4198291,21
9319639,1
1908762,3
443588,286
1909154,47
930254,1
1910436,14
1910696,5
5216367,1
3885457,9
4056384,226
9319906,2
8810034,160
8840087,71
970077,5
441298,20
9320006,4
21435,2
9320100,1
9320176,1
1121857,7
526009,3
1029072,30
1914593,1
3350329,19
1103484,11
431918,23
3395556,13
9320312,2
4458097,120
1144064,25
9035396,13
648332,16
388436,24
116954,25
9285517,4
8948584,9
8808882,38
3515101,1
9320754,2
9320785,1
9320834,1
9320849,1
3362406,14
9320950,3
4176325,2
901618,4
1918473,5
1197466,23
1918534,1
9321059,4
8456638,3
1155746,38
2713833,11
1918656,1
1918931,2
1918955,1
572520,8
1919251,1
4840050,3
2884797,2
1919767,8
1919695,5
6064867,8
9321310,1
4898165,107
8968214,29
9321451,2
9321544,1
9321582,1
8121163,1
9321676,1
1336305,3
8866720,39
1921015,2
8869035,14
905310,14
415792,10
8800261,22
1163030,25
548579,4
683220,3
2702850,7
9322062,1
388092,7
9322126,1
294188,28
118750,33
602910,14
9039906,3
627003,20
7927887,12
1925840,3
1161801,8
9189077,6
9322647,1
9045277,11
8927250,12
8770257,7
9322853,1
1926416,6
1926468,1
1926585,6
1222455,27
4055541,5
8881109,10
8788987,21
1717623,35
9323222,1
8843719,13
1146144,3
216166,7
1927421,1
1128010,7
1927379,1
1927358,1
177880,4
1927624,1
5883271,9
52603,64
9323856,1
9323900,1
5436260,1
9323999,2
9324033,1
9324068,2
1433511,56
3278554,20
1928485,38
1928542,1
1928778,3
858827,2
9324622,1
9114487,9
8817435,263
8873422,122
9324732,1
527206,42
1585503,12
922303,14
1929160,1
447513,1
1929557,17
550903,8
9232857,5
9324801,1
1930020,2
1930413,4
1322723,23
3224421,54
9324981,1
9324996,1
1444508,3
1130680,12
595072,17
9325072,1
9325073,2
1423161,57
3219141,4
7331465,9
2950210,22
48126,26
7979831,12
1770156,3
134861,72
703849,13
8965627,2
9325648,1
364224,4
9325766,1
9325776,1
2526798,3
9325794,1
9325916,1
9325945,1
1224935,5
2506685,22
32649,113
896737,9
8770063,21
8816040,18
1426984,8
5742082,34
3284550,33
9022993,5
1936415,2
9326414,1
9326508,4
9326549,1
670575,8
9037601,5
81152,33
293731,92
121142,139
1286211,95
1974923,25
447755,183
2799828,2
8812554,76
9326931,3
8811567,54
1937089,1
1937159,139
1736437,6
1937393,1
1937394,3
33254,27
3188851,2
697168,16
186663,3
2768106,23
9327560,1
1937769,1
14401,56
9327616,1
9327670,1
9327826,1
1937891,1
1937914,1
1937957,1
630377,113
1020218,10
35481,96
34359,5
242627,22
1231792,8
4803642,6
9328272,11
1938967,3
402347,5
2946637,2
1311183,12
9328401,3
8970144,15
998010,13
251506,180
228685,8
1939678,2
229183,6
229431,7
210840,18
229901,12
8987187,2
9328603,1
3387149,107
1940147,34
5391654,3
9328747,1
483276,1
465876,21
1053027,88
7585236,5
28827,55
735017,20
2061834,23
3500275,4
9328901,1
961358,44
8790056,62
2393033,11
1452388,17
625871,3
9329101,1
2837868,3
2721585,6
2052652,4
2877805,11
7423052,10
5886174,4
1942514,3
4112,33
6404,36
8889679,35
4121585,218
1954098,31
9329581,1
1942760,46
1942814,1
1943327,1
1943429,2
1943613,1
649290,110
9329727,1
1944120,1
9329743,9
1443300,13
1944388,5
8915716,13
9009730,3
9329953,2
619340,365
398417,6
9330131,1
2049495,11
939980,220
1160098,21
1516411,45
976659,1
9330563,1
9330629,1
1944783,1
8873417,177
4558809,1
1945041,1
9106442,7
1945090,2
8988519,34
8988520,10
9331028,1
263542,194
1947230,40
1986827,34
1381894,27
194668,275
1947549,1
1320964,2
266605,212
92119,28
3388403,49
9331166,2
551768,7155
1947858,84
1947861,120
1292992,271
1737102,6
380828,54
114003,20
1577195,26
161441,21
9331436,7
9331674,1
9331686,1
1948591,1
1948706,1
27366,10
1948724,13
9331886,1
9331896,1
1948780,1
9331966,9
9332006,1
9332075,1
945667,7
764192,2
9332192,2
9332203,1
945469,25
9332374,1
9332444,1
395174,11
1949225,1
9047700,2
5857133,2
685752,14
3236188,27
447425,30
225391,36
1949416,24
1949421,1
1950146,5
1950082,2
80071,160
1214020,50
9332864,1
9333009,3
9333047,3
1331948,21
8812502,4
1952233,2
27945,10
1173456,3
1952298,59
9085535,10
9333582,2
9272701,11
9333753,4
9333777,2
1952445,2
154745,16
1952716,3
2075520,5
953443,10
9334101,1
1208188,91
929835,4
272681,10
9334170,1
2369277,4
9113611,5
8985368,22
9334390,2
2259308,6
66807,10
3362580,33
682481,38
56443,122
867226,1
1953975,2
4655491,2
252702,44
993418,18
554193,27
1954148,2
1438130,58
1954214,1
5772702,18
1226561,21
1132882,6
1954841,2
9335185,8
7053287,16
1687681,4
1084305,18
1591070,28
1331787,6
2347131,118
9335664,1
1016142,23
6220623,115
6967,355
599855,154
1392419,6
53909,37
1930110,6
1223522,9
2903311,38
5989918,4
893109,27
2159271,7
641424,12
240535,199
444046,46
1956472,28
1956642,35
1956773,4
1380485,162
1513525,102
1956905,4
682175,215
1513411,20
9336161,1
1957364,3
1957389,54
8795989,19
1658556,21
2691292,25
687397,52
8824779,38
9336471,2
9336597,2
78695,5
1957718,4
1353480,16
7414505,14
951787,9
9336758,1
8948669,9
443345,5
2057551,9
1957976,13
380958,33
8866723,17
1151287,2
9336923,2
9336978,3
968183,12
1958474,1
1958718,5
1528976,11
1958748,4
7907864,1
9337336,1
9337389,1
3252974,2
9337485,1
1959609,1695
1959745,2
1959781,1
423517,463
1026176,3
3011197,31
4078058,217
4285682,72
4518365,48
9337614,2
8893258,15
2439830,51
250175,14
9016492,13
9337773,8
3117420,20
3990649,2
1960346,2
559573,11
2766391,22
3907781,9
1195651,72
1960811,1
1960832,19
1960883,5
9338212,7
1051601,24
1961486,5
1961602,1
5929257,6
8799279,18
1318363,29
1704232,33
677199,50
1489532,9
5815201,2
3279440,44
8839598,3
1673148,11
9338745,1
9338758,1
3240684,2
4690466,5
9339011,4
9166700,3
5899274,8
8829424,35
9206566,5
9240453,2
9027934,5
1171810,26
1718928,91
565996,5
9339518,1
450679,5
18934,163
9193328,2
9339714,1
5712383,32
405758,17
8998493,16
9132574,3
9339950,1
9339998,1
9340044,3
9119575,18
1963603,1
9340321,2
8763,153
8845439,7
972624,4
9340377,1
9340398,1
1237305,20
413315,90
2334322,7
9340462,2
8927530,55
301167,4
9340833,1
1964407,2
9187629,3
1365935,2
1987974,3
939456,45
7938632,2
302287,2
3394803,41
2427925,2
2057151,6
5982814,64
1727838,1
4518713,8
9341463,2
1965352,2
4080412,27
9341536,1
8818422,6
9341601,3
8779894,67
1965451,2
9157957,2
8908860,46
2005075,7
1025496,51
9341947,1
9341956,2
1965863,10
3470159,5
3479452,13
1963086,14
8923342,6
1965941,1
9342185,1
1966038,1
8820011,156
4691149,1
8910027,21
263257,28
5479372,24
223455,60
1448507,3
9342562,1
122183,17
1966431,6
1277248,1
1623414,4
9342748,1
9032231,3
5871563,8
9342889,1
4848232,3
2517567,6
1420122,4
418002,8
1252425,3
9343124,1
9343140,1
225657,20
1349571,42
8808947,8
3457475,3
9343480,5
926014,21
634226,11
9343680,3
9343713,1
4778986,1
9343909,2
1967805,2
84913,12
257909,327
974688,3
719041,30
6894875,25
9233158,11
5379900,14
1968351,8
264028,5
8968926,3
1868739,7
940271,1
1970231,4
734428,5
1970309,2
37541,227
1574374,2
3264072,16
1692766,5
669371,6
669488,21
244058,10
1970930,1
5045453,505
45557,54
8370404,1
1971087,1
1971154,1
9344543,1
9344603,23
1428470,9
9344653,1
1516920,73
2655203,61
1972056,1
8851458,36
442379,25
1036228,47
1116018,13
412100,74
502696,7
9345130,9
2108333,15
8947542,5
3499095,6
1322829,3
1558587,9
1506883,25
9161833,3
9345256,1
9345280,1
1642154,16
9345450,1
9345468,1
1973276,2
4433914,1
1973540,1
8690800,1911
1973807,4
1307084,3
8794847,20
8851214,34
780942,2
1974067,1
2656414,19
8867232,26
1974499,3
1974512,1
9345925,3
8771070,27
2181687,56
3857883,5
9346036,1
9346047,1
9346058,1
9346192,1
9346253,1
9346345,1
8852275,8
1974905,2
1555357,4
1975061,3
456664,3
1975142,1
8974199,9
2438689,4
5492763,2
9347219,1
1975499,1
4071649,3
4430259,2
1975699,3
203091,4
1613689,3
9216938,5
683225,3
9347561,1
240464,62
8888214,7
1976118,1
9347948,2
9347988,4
82205,28
9348080,1
4667410,3
9348120,1
4699819,6
1976484,1
1976584,1
1976651,1
9348297,1
1452911,4
4435936,123
8832567,15
9004451,11
1977294,1
228650,9
163101,4
1977367,12
54934,30
1321606,6
136466,87
229788,2
257225,84
1144870,8
1977768,4
1749192,2
1145858,3
306712,10
229419,2
1978087,1
229932,11
1978130,1
5083107,1
1636663,11
37895,35
678541,4
9257978,9
4525441,18
5927775,1
9274255,126
9348750,2
1978460,13
9348846,2
1978441,1
1978416,1
1566662,3
1978614,1
2817024,1
8867012,15
9349687,4
8894212,8
333082,12
9350002,1
1565236,13
9350151,1
1979283,3
8770660,19
1214958,37
8436179,18
8770715,20
2677093,2
1233876,39
2102464,1
683432,21
107885,6
1431331,19
1979561,2
2938,19
1460036,4
8922565,19
8838316,28
9042486,8
9350897,1
6007864,6
9350953,2
262310,23
1980232,3
443197,91
259959,59
737408,3
1143541,7
40845,36
9351031,1
898193,17
9351150,1
1980919,11
1980877,1
137668,1
1980846,3
643013,216
9351278,1
9351310,10
3336882,1
3339561,12
2519324,4
1981283,2
1338472,1
682311,7
9097970,4
860485,6
9352382,2
8770287,11
8770562,4
3552199,2
8716920,2
1982114,1
9352668,2
103379,28
1624499,8
1982321,1
8035511,2
1108821,9
8827230,7
291292,31
523801,11
160616,79
9353147,1
136654,1
9353214,1
9353227,1
5335271,9
268315,29
406730,14
719022,9
3279852,17
9353309,10
1982811,1
2716850,2
9353543,1
9353658,1
9353690,1
1089780,8
145343,2
1983288,3
1983367,1
9353990,1
9354020,1
6923956,4
524052,15
1179265,45
569104,10
1983659,4
9354269,1
1748122,3
1748176,16
1983845,8
1983931,99
4130171,40
8864238,15
2053572,10
675398,3
9354426,3
1448625,19
9174743,4
9354539,1
1984308,1
323370,15
58262,89
9354684,1
9354702,1
3083580,10
5357138,15
1324334,20
6636493,17
971486,2
9354796,1
866739,59
3158316,4
9354991,1
8827236,31
9355032,1
1984897,5
1984918,1
9355177,1
1984986,1
9355399,1
919034,2
1700600,2
4018363,1
970133,31
1282635,10
1322609,4
8781138,22
126158,14
452967,11
9355596,1
8786900,30
8945789,2
1986865,4
9355852,1
9355913,1
1987072,15
1987205,2
1578913,205
1987439,1
1987513,4
671709,15
29504,37
8786157,5
6299602,2
1988691,1
5502993,141
9356415,1
9356574,2
1989153,3
7616188,1
9356708,1
1989034,1
8265719,2
641584,18
566334,21
1989471,4
237988,166
6001731,1
9356994,1
9146114,10
5714601,28
8977655,5
746882,25
7547731,2
1061642,5
178562,52
1857504,12
1990165,3
9357695,1
2117962,4
2001217,1
565130,70
1443552,39
2001817,1
9357889,9
1706866,11
3384195,20
9358123,1
9358127,6
1084309,44
9358283,1
9358396,1
2002383,4
2002457,1
2619566,3
691704,19
2004951,3
3428865,30
2005014,1
700765,11
2005194,72
9358644,1
7385438,5
8804529,13
8912986,25
9358820,1
2005306,2
9359096,1
8803101,2
9359257,1
794525,2
2005549,1
65211,23
5562856,4
551166,102
1433566,19
2005859,36
2005761,22
2005915,2
2005937,1
9359558,1
9359570,1
5895284,1
5572540,22
2814931,3
8958339,22
6208,106
466575,33
262190,15
9359972,1
9359996,1
9360028,1
9360059,1
6619831,2
934047,26
9360186,3
8850394,37
8866522,40
2006736,4
545563,16
2007016,1
3166664,7
9360467,1
9360604,1
3880,25
1022463,8
9360790,1
2622965,4
8812511,14
1308024,11
593106,26
6884125,1
1041665,58
9361193,1
8792925,3
8792928,2
2007417,34
9361317,1
9361344,1
36899,163
1905841,31
8810709,76
8809052,14
1209928,4
1776127,40
9361618,4
2007707,1
683650,7
4252965,2
9361852,2
2007948,10
9361895,1
3309457,10
2008165,1
908790,2
2008287,1
2697705,4
8868069,39
1197634,10
9222649,11
407878,36
89007,30
9362292,2
9362296,1
8046969,4
9362311,5
4224491,23
76266,16
2021506,3
9362510,2
2033250,3
2015198,1
4042398,35
9362760,2
9362808,5
621497,303
1222450,39
1741689,4
2022016,3
2022037,3
2178407,42
567717,4
3307275,5
4160784,2
2022238,2
5899727,3
9363403,1
9363410,2
2022389,2
2405154,1
9077540,7
2022459,1
552840,10
2328038,3
2023089,1
2023200,2
2434341,4
2023206,1
967075,1
3534258,1
1539102,22
2024888,1
3196644,3
9364810,2
2527037,2
9364836,1
88822,106
2984249,6
4492031,2
9364986,1
9365160,1
9365307,1
1007074,21
9365611,1
7498586,1
3536406,4
9365889,1
9365946,1
1058799,7
4500137,4
9366043,3
2029504,3
9366079,1
2029649,1
9366166,2
2032532,1
4961242,3
2468295,2
2032595,3
2032621,2
2032699,1
2032734,2
8796396,44
9366667,1
2034288,3
9366764,1
8938578,3
2041990,8
1557,52
234438,52
9367115,1
6853653,2
9367139,1
688827,12
3168116,3
9367487,2
1068289,33
2035394,5
71166,77
4461956,1
1154686,3
9101331,6
9367684,2
2035643,4
2035831,3
9367820,1
9367840,2
80209,36
8949816,20
223730,31
6872358,8
2996444,3
7228401,2
4386219,2
2041013,1
6703500,1
957725,4
9368330,1
9368347,1
7395712,2
2041868,6
203799,11
9368423,2
9368437,2
1560588,8
154046,5
9368455,1
9368479,5
8910507,24
996620,35
2042225,1
2042343,13
8958303,15
8992318,9
7563668,31
8836764,37
9368694,1
792648,3
9167946,5
8859942,65
1024059,82
2165105,18
2315441,2
1768991,3
8118219,21
4401247,6
2043001,2
602281,185
9368915,3
1351695,3
5863967,4
9369307,7
2043066,2
9369434,1
1806263,182
3636850,1
52120,34
4705055,2
2043409,10
1426668,10
2043609,2
9369744,1
9369794,1
9369802,1
2864119,7
9369853,1
3476002,13
9370003,1
4023649,6
4008635,1
9370238,10
9370279,1
5511466,3
5716158,1
9370398,7
2043963,3
9370475,1
172684,2
2044765,1
2044793,1
1125193,18
8855042,2
5975633,3
9370662,1
2044909,7
2045106,1
2045196,33
1055189,277
9370881,1
114677,8
2047699,42
9371044,1
8790504,33
2047981,1
2048243,1
1111208,2
1319478,32
2709174,11
925456,2
9371558,1
2689483,10
9371744,5
9371797,1
9371814,1
1914932,21
8768770,11
7094910,4
789154,7
9161603,3
9372206,1
9372229,1
9372314,1
2050023,1
1455447,31
1514795,8
9372505,1
9372518,4
3502939,16
1684139,3
1022562,4
9372627,12
2871776,189
8872439,12
1971569,27
2050723,18
2850154,21
9372837,1
632850,9
747472,7
725616,9
153545,22
8989558,23
2339811,1
9373039,1
8797008,133
1004669,5
1511994,4
8915023,2
9373391,6
611374,22
9373455,3
1429429,11
2052407,2
709258,5
9373542,1
350623,26
2052534,1
9373624,1
9373637,2
9373709,1
599132,4
2979305,2
964444,2
8331579,2
9373934,1
658551,1
618109,2
1139573,11
2053792,1
10856,38
2102954,13
4696043,7
3333982,68
9374380,4
9374388,1
8782239,6
2054488,1
1752797,13
561230,13
8898870,30
9374651,2
9374754,1
2055420,2
2055477,1
265151,184
745935,52
1111008,53
9375169,1
2055819,1
9263267,2
9375362,2
1043140,21
2056168,2
9208350,21
9375669,1
4945963,2
2056473,25
2056478,9
1762723,1
9185486,12
9375986,2
2056830,2
9376101,1
8953433,25
9376216,1
4210204,3
8961824,3
1063396,19
156147,5
8998602,9
9376514,1
2057376,3
9376621,1
8811540,9
5819181,36
8770115,2
127904,171
2057602,184
2057617,1
212913,23
4277922,3
1009993,4
2337101,5
9377127,4
2439403,72
752562,37
1878815,5
9377228,2
6526918,2
9377262,1
3347868,14
2058445,1
9377428,1
9377429,1
291805,4
2058824,1
439248,28
9377600,1
2059386,1
3409527,12
2059432,1
3944204,3
9377782,1
8827060,31
1382239,6
4712227,4
194055,7
8987526,33
598741,19
618130,10
3272322,13
2059950,1
2060343,119
9378194,1
9378195,1
131911,10
77829,502
3237470,2
9378344,1
9378347,1
9378435,1
2061912,1
9378530,1
1017833,13
3583386,35
8803864,7
2062034,1
2062050,1
9378565,1
1150189,9
2062150,2
2062189,21
1437756,11
9378738,1
561655,4
4886,34
9378955,1
8807244,4
9379095,2
2062953,12
3384177,122
9379324,17
1995455,1
2063188,3
2259388,5
2063333,1
237906,16
2063472,2
9379460,1
7285892,16
9379581,3
9220883,14
9379687,25
9014576,4
9379743,3
9379753,2
9380110,1
1196007,3
8939492,9
2063935,1
8843743,9
2064507,1
111224,29
2064565,8
111336,60
2064789,23
9380531,1
709025,15
9380605,2
1419503,5
2065117,2
2065139,4
2291091,1
1763,18
2128875,17
955234,3
60924,31
9380916,1
9380924,3
9381006,1
6840086,2
2065430,1
1203559,2
37539,25
4943028,2
2417735,6
2065611,2
2066005,1
5971228,1
9255963,2
5371253,4
9381535,1
9381550,1
9381665,2
2593,62
705740,169
9381797,3
9381832,2
7910119,1
1773950,8
9381917,1
2068204,8
2068462,2
672313,30
262373,8
1514289,44
9382099,1
78617,18
2069332,2
9382123,1
9382157,1
5621271,6
2069415,1
9382222,2
9382231,1
254540,6
7066776,15
9382364,1
9382365,3
9382371,2
3085030,127
41376,244
528903,158
9382395,2
7189405,5
8850646,38
8910623,8
9382573,10
1633170,6
2070102,1
2787767,6
3406894,2
1645001,6
1795206,2
8410472,6
2070345,2
663133,2
138581,6
9383046,3
3020217,24
5487947,10
9383358,1
9383402,1
9001884,5
9383565,1
2071462,3
2071596,23
2071599,1
2071754,9
9383973,3
8468750,5
9383979,3
2072071,9
9384142,1
5808062,4
9384224,2
2072225,2
630668,1
9384311,2
2072370,3
691260,2
1222791,154
9384385,1
2072513,5
9384632,1
9384659,1
607174,4
8852961,29
841546,2
2072813,1
9384866,1
216303,4
9384944,1
2073002,18
2073252,7
9385096,1
9042894,20
8837898,12
9385382,1
2073504,2
9385388,1
528948,33
1402513,10
154941,40
8104976,2
2073801,3
2073837,1
2073843,1
455444,8
5738603,7
9385842,1
1204702,4
742208,1
9385903,2
9385948,1
9385949,1
1202227,86
125598,2
2457135,19
7283297,2
1943389,3
408127,13
1607982,2
6154903,5
571621,50
1614147,6
8807926,49
9386604,1
9386697,1
9386752,1
9386782,1
429841,10
9386824,4
269960,627
1039101,24
9387021,6
5922284,2
1543949,7
1306264,6
119741,35
121838,60
2078043,1
9387156,1
562082,9
226609,5
4771973,30
920078,2
1582925,18
1658611,3
1664951,4
2079008,1
3914554,4
8340010,4
2264778,10
9387718,1
3494426,15
651008,36
2287071,4
4273528,4
9387890,1
9182463,21
9388001,1
9388038,1
1386113,18
658348,3
9388153,1
2079644,2
2079701,1
9388258,1
725991,15
9388324,1
9388464,1
9388470,1
2079881,9
9388671,1
3948858,2
9388997,1
9389004,1
1374594,8
233159,7
2080100,1
9389207,4
6742883,5
7201386,13
2081701,1
2081718,2
9389552,1
1419545,23
2082883,1
1284959,2
1300226,9
9271473,2
9271270,3
1640351,15
1193813,9
5277052,1
9390121,1
2084304,1
2084317,2
70493,19
2084399,1
921851,5
9390322,1
9390904,2
7031427,16
2514860,4
160060,7
8840525,2
9391393,1
191995,2
2085240,1
9391704,1
2319100,16
1629264,28
2085399,2
9391850,1
9391977,2
9392043,1
2057141,6
2281410,2
409851,38
4826320,2
2086195,2
1446025,4
400731,7
1393120,15
116514,52
9392905,1
9216935,2
1149792,2
2086623,7
731978,5
395858,23
2086756,1
2086774,2
642095,8
564041,8
1036304,7
642054,6
642334,8
2087754,4
41958,17
237806,26
928352,2
2088230,1
659534,11
9148064,13
9393305,1
8780216,29
9393334,1
9393422,1
3109421,1
1516458,7
9393496,1
9393524,1
1344100,6
9393672,5
2089027,1
9393837,1
2089395,6
1657404,3
9393901,1
9393911,5
9393916,1
2089547,1
1065752,4
232650,13
1516294,59
1377492,12
9393957,1
207658,8
9394053,1
9394091,1
2090605,1
3117777,7
1829434,3
9394252,2
2090951,4
8918266,14
9394305,1
9394376,1
9394423,1
9394617,1
3857335,5
4768386,1
9394774,3
9394889,1
1053973,12
635230,4
9395166,1
9395237,1
9395251,1
108865,4
9395260,1
2091659,1
2091893,17
2092017,2
288006,49
9395461,1
2703656,2
2965919,2
2092596,2
9395529,1
2092771,1
202514,10
33022,12
1169893,20
1443032,6
9395657,2
9395734,1
637299,15
2093674,6
9396086,1
2094384,2
2094491,1
9396174,6
9396259,1
919020,12
8795179,27
9396385,2
9396386,1
1325828,3
9152474,2
2095215,5
2095304,1
2095648,1
9396654,2
8980788,4
9396826,2
2095757,30
697957,6
1960125,135
2095917,4
3898373,7
1741500,2
2096094,1
2096200,1
2097233,1
2097193,6
1015367,5
2098036,12
2098076,3
2098143,2
9397162,1
1559817,10
1390662,13
2521282,11
9397246,1
2098326,1
2100298,8
9397315,1
9397526,1
22750,23
9397592,3
9397649,1
9397650,1
9397654,1
2100481,2
2100432,5
1574875,11
9398046,3
1572455,3
1524474,4
9398287,2
9291583,7
9398369,2
3529108,3
9398396,1
8876585,5
9398581,3
2841794,6
1169324,11
980544,17
239579,22
426032,4
258886,11
9061671,3
959355,10
9398946,1
288109,13
8965541,6
9399017,2
1014128,41
8321746,4
2102335,2
2102360,2
8763337,8
5349583,4
1319415,22
2102484,5
27990,5
2102801,1
2054878,2
2433416,5
716595,8
902387,16
2103325,12
3500076,14
2103359,13
1073686,81
2423413,1
9181673,2
9181683,2
9181686,3
9003178,6
2103627,3
283515,9
1366191,23
8843400,2
5779853,2
1972308,1
9400808,1
9061657,3
4128444,2
1417015,4
4849378,4
2104246,3
2104277,5
120158,45
1053004,12
1315292,6
5978871,1
7201593,1
2867651,6
9401380,1
4690384,12
1513213,7
4043340,5
9401489,1
1183979,4
2104626,26
9401591,1
947209,35
2106360,1
9401640,1
9401674,5
9401676,2
1203734,9
5031007,10
624740,11
7950630,15
4672769,6
7469,19
9402131,1
1601903,4
401084,6
2108012,18
2108015,5
72460,32
2108101,1
30964,8
9402355,3
1168023,3
9402466,3
5703082,1
961995,7
2763608,17
9402507,13
9402516,2
9093695,2
1284635,4
2108858,10
602474,14
2108914,17
1144399,47
2109076,12
1622110,8
2982531,3
1670807,4
3264734,6
2109808,2
9286522,3
5416392,19
9201729,7
9403081,3
3021179,3
9403251,2
8965653,6
1287016,3
9403341,2
1482492,44
6337956,1
1146361,25
9122053,11
2110444,1
9403651,1
62219,13
8942380,2
995648,15
4164337,33
2110668,8
4144651,2
5734191,48
9404226,2
9404247,2
9404326,6
3347352,1
591411,28
2879799,5
5584594,9
2111517,53
3480601,12
8613538,1
9404535,1
89836,63
1754757,85
670013,37
9404813,1
2112496,1
2112546,6
6686673,20
2112655,1
2112715,1
9405086,1
71079,19
9405190,1
1190776,2
2113038,1
8924750,5
9405598,2
592949,11
1537027,9
9405818,1
2113856,5
9405900,1
4822210,2
9405951,1
2114020,40
1231100,51
6605941,7
4418603,3
9405997,6
9406038,1
2114200,39
9406081,7
1824397,2
2114549,8
1017782,7
7175083,10
6899198,34
2114757,1
1301273,11
441830,1
2115766,1
2115846,1
1757769,1
257627,16
9017949,5
977593,16
1808736,1
938998,1
718964,24
1197864,9
9406911,1
9406939,1
9406990,1
657496,84
2160851,5
2116879,1
2116892,5
262780,4
2116917,1
9407373,1
391416,24
2118321,1
2118334,17
2118364,5
2118412,2
9407663,3
9407677,1
8683845,19
9407872,1
1857172,6
9407927,1
5482552,2
1183653,3
1216330,2
9408087,2
2120362,1
132313,14
1178617,2
2120914,2
788212,2
9408268,4
2436146,10
2596646,2
2121064,6
9408362,1
4876154,9
9408551,1
8907032,16
2495074,13
1068968,18
9148189,2
2196759,1
3569382,18
187651,14
1207712,15
9010343,5
5857762,2
2121864,1
9409153,2
3495949,5
9409232,1
6835786,1
998979,4
8962865,8
9409404,4
2122246,1
3174016,9
8825051,4
409617,50
5017041,8
1069051,6
9409626,1
5020400,28
9409818,3
8920516,17
9409911,2
9409931,2
9409977,2
936836,3
2123640,1
1371902,5
9021803,32
2123765,4
9410172,2
9410190,2
8798760,21
9410315,6
6791434,9
146437,8
429805,4
9410700,1
2124280,6
2625659,8
690353,792
1656788,3
9410961,2
2124338,1
4629710,5
8981515,5
621287,105
48574,181
3473330,5
1311318,13
9411394,1
956126,8
2125209,1
9411848,4
3452532,6
9411881,5
8953334,10
2125229,17
2125496,1
226085,5
1715288,2
2125530,2
1318726,2
9412027,2
9412069,2
31094,29
359183,6
419355,53
9412145,3
2127224,1
8317437,5
6703887,18
1131518,7
9412343,2
8895619,7
9412386,1
1631013,78
287463,5
563264,3
9081168,21
8995811,7
2128945,1
1910798,52
9412938,1
9413049,1
8561804,3
1152176,7
899508,6
979322,4
2129555,1
9413422,2
9413426,3
9047942,21
9413453,2
9413457,3
9413557,6
9413584,4
2129884,10
7263468,3
2130233,4
9413883,2
9154591,13
1871463,3
9414303,1
9414308,1
9414347,1
9414348,1
845099,6
9414406,1
4243391,7
8225458,4
9414463,1
9414560,1
9414564,1
1160012,12
3198727,4
9138155,4
657500,16
786099,97
1287836,64
134634,24
46138,187
9414875,1
9063014,33
3104695,23
9415022,1
6721078,2
9415046,1
9415132,1
9415203,2
2131935,4
2131991,1
257773,11
2132953,11
9415666,1
2134134,1
9415829,1
9415840,1
1210339,30
6698775,3
7044487,3
8875041,4
9416310,1
2134998,1
2135079,4
2135134,62
2135288,2
9416606,1
2135954,2
7471180,44
9416734,1
1471971,5
3582776,4
1682070,19
1106428,2
2136514,24
2136651,2
9417030,1
9417100,1
2136644,1
1597369,1
8900158,10
1372501,27
939359,21
1332473,22
2776914,18
1201510,6
2137400,5
1296267,25
2137466,1
196555,16
440706,12
2137730,31
2137782,5
1239478,12
1235384,37
9417613,1
53916,9
2138210,10
2138183,1
1366444,2
873644,1
3075397,1
691654,481
1757013,2
2138462,1
9417855,1
179607,499
9152874,3
4266996,2
9417946,1
4630767,11
9417995,3
9418070,1
8952757,10
2139579,44
2058559,2
9418196,1
9418280,3
9418314,3
1113232,38
1215946,2
9418503,1
2140551,2
473978,2
2140924,1
1521166,2
249815,3
2141258,35
9418728,1
949922,26
9418748,1
2141548,1
2141589,1
9418794,2
1561536,2
41276,11
9418848,2
3129740,17
528252,2
88400,5
9418947,1
9418990,1
1047014,101
3478999,32
7725268,1
559928,2
2144709,2
1240082,4
9419170,1
9419220,3
9419266,3
1057115,68
410723,19
9419341,1
9419410,1
9419428,1
2145432,6
2145494,1
9419539,1
5738090,22
3073374,5
2708643,1
1580954,93
8956344,30
2151042,78
11966,45
630236,157
7311706,1
1228037,5
2151488,4
9419815,2
6594400,2
717413,20
9005689,10
9168424,5
905568,17
3473778,9
2151941,2
9420342,1
9420413,1
7034672,3
5813331,1
9420574,8
9420616,1
9420757,3
9420785,1
2152783,3
7473554,2
9420872,1
5215788,7
9421038,1
9421063,2
2152925,2
1250519,14
9421160,1
427320,15
736551,5
5571509,5
1637240,5
8996099,12
778216,2
2156858,1
54004,10
2158920,1
9421345,1
836107,1
2159792,4
4161934,11
3155694,6
9421548,1
2165696,1
2165695,1
2165749,2
9422146,2
7943111,3
2837937,5
9153671,2
455695,12
2166580,1
24896,18
1703457,4
2123560,4
9422737,1
650922,5
4828279,5
9422857,10
130554,7
9422892,3
1576214,5
2168472,5
2168648,1
2169392,1
2169467,1
2169581,1
9423078,3
2169721,2
2169833,2
2169865,1
5335768,3
9423211,1
9423276,2
855055,1
3357088,37
9199411,6
1540896,3
2996545,2
2892391,4
3343144,7
52382,4
9423743,1
9423774,1
9423804,1
1462386,8
9423894,6
9423956,1
2170876,1
63305,4
2171052,2
9424106,1
9424138,1
1151471,3
8801371,8
9069128,7
8825590,12
5789662,6
2171784,4
797046,1
9074080,12
2172276,3
559302,13
9063633,42
624768,42
1645185,2
9154954,71
7755922,3
2174168,1
2174212,2
4366369,4
2174379,1
1360348,186
6794335,120
1318806,42
2174556,1
2175013,1
422718,107
2176515,1
1503679,54
301625,2
1526921,66
601273,24
2177248,7
5804279,14
4690452,2
2177378,1
8928198,17
9425295,1
7054960,5
9273740,13
4761246,1
9425501,1
9425636,1
1115814,3
2179277,6
1019807,14
2060630,2
1724831,10
3920391,6
779143,6
2179745,1
2179788,1
600054,197
7172,564
1762509,11
251093,3
764397,3
2180436,1
1529500,9
3497700,9
2182876,1
5591260,9
80607,10
1295636,10
618636,17
1666045,5
9426513,1
7621998,8
9426536,1
1295572,12
7200996,1
2183380,1
9426815,1
2183512,53
9427005,1
2184059,2
428371,103
9427240,1
1432396,37
9427271,1
7250155,36
9427395,1
9427445,3
448320,496
2184764,4
4858753,1
133246,7
591404,2
9428137,1
9428154,1
4122595,30
566602,2
9428312,2
2185438,1
1261315,5
9428493,1
7258088,7
9428531,3
7056704,5
2185763,3
9428635,1
2185940,2
237919,9
9428851,2
9428867,1
2504376,3
9428892,3
1384606,4
6856147,2
1478734,1
651432,81
859640,46
9429020,1
9429032,1
9429161,1
2186455,1
7361288,6
9429240,2
6759232,6
9148027,6
2186525,1
9000361,2
331791,18
8931937,3
9429547,2
1569389,8
2186733,10
8943124,11
9429781,1
8125551,7
9429953,1
7928617,1
9430296,1
9430488,2
9430590,1
9430733,1
9430921,1
9430948,2
7549706,7
2187786,14
4195291,5
646299,4
9431053,2
4075847,2
2188113,1
2188115,1
4987416,1
23353,24
272282,162
60740,36
9431383,1
4012733,3
2435411,23
41319,27
9431781,3
1218332,1
9431878,1
28979,17
9431906,1
5820188,6
9432005,1
900510,5
9432097,1
1381852,8
206807,5
8930484,2
1358549,2
81638,6
9432268,8
2716122,3
4683324,19
9432530,2
8700843,2
6869147,1
1815888,12
723914,22
9432846,1
9432896,1
2200660,3
601960,4
5947004,1
8589169,4
3274234,3
9433185,2
2201196,27
265493,6
2201314,1
2201366,1
2201374,6
2201486,56
234956,27
1013571,29
2201791,2
2201882,2
9433862,1
4193848,29
9434253,1
9434260,5
2203459,1
7773035,3
2203676,3
3529539,3
9434380,1
7048937,3
290161,31
2203949,2
2204037,1
934191,8
9434648,4
7043562,3
9434849,1
7035644,3
2204425,7
9434957,3
2204201,4
102758,13
2249123,6
8813226,15
9435131,2
582167,15
921828,54
9435206,5
9435210,1
2204572,1
4975741,18
9435575,2
9232368,2
913664,1
956697,4
9435661,5
9435731,4
2205414,1
8813408,30
9435849,1
9435952,1
9435966,2
2205676,7
9436207,1
481514,88
9436298,1
2205754,8
2205778,1
2205972,1
2206050,18
932358,91
9004402,5
2206260,1
9436993,1
1457825,46
9437055,1
1440899,11
2206561,8
2206691,1
293453,25
2125595,2
3393390,10
6832511,1
955211,3
2934489,1034
9261039,7
9261031,3
548830,12
1673464,5
4862979,21
264953,11
2208200,15
9437734,2
83245,4
2208559,2
2208622,4
9437980,1
7037845,15
2208710,1
2208716,1
734386,2
2208811,3
9043906,6
1226816,8
2208964,31
2208977,21
9438406,1
4075356,7
7809858,3
1847324,9
633860,22
3030325,7
4259294,2
3142901,3
2209573,2
1497245,52
934478,9
585552,35
9438865,1
292287,6
5032630,1
536776,12
1558930,12
1325100,2
2237174,1
9024150,8
2237545,1
2237575,9
2237672,1
2237868,1
3389258,66
1443678,5
2238098,4
630045,118
2187113,121
963129,21
9439420,1
2238714,1
2818604,6
4153411,14
9439697,4
9439708,1
9439753,3
9439769,1
8985904,3
9439867,1
1067755,7
9440002,1
60975,11
531685,3
9010384,2
2239070,1
9440341,2
1336054,9
8834538,3
9282236,7
2240651,1
1387154,7
2240731,1
2240963,2
2241023,1
82514,28
9150706,3
9440957,1
610569,4
1336519,5
2241615,1
264958,14
9441133,1
2241421,1
2241565,1
2241378,1
9441416,2
959358,3
969687,26
2242298,38
2242366,3
9441893,2
523561,4
2664415,1
46276,28
1119775,87
26362,14
130359,44
289868,13
9030010,10
3205915,9
9442049,1
8981537,4
2243071,5
8878739,3
8382193,12
2030557,5
2852000,1
3531759,3
9442287,3
8778181,5
9442412,1
898019,4
9079435,4
9442657,1
625773,1
9442699,1
2244457,1
9442761,1
9045754,12
2244499,2
4239734,17
1227130,35
274026,7
2244564,1
124686,17
7247974,2
9443031,1
9443302,1
5005696,3
2246310,18
544631,4
2246428,1
4253031,3
9204264,5
435646,1
435071,20
2247285,13
9259621,14
9444135,1
2247952,1
2247959,2
2632270,997
2247968,11
7908779,1
1358321,3
649249,4
4851473,13
9444582,1
9444651,2
2248537,15
1328156,2
9444781,1
9444784,1
8419294,3
9444794,1
1084698,17
1095335,20
5905679,8
1683280,4
1645820,7
653345,10
2248786,2
2248939,19
9445773,1
9445822,1
1336046,4
9445909,1
9445912,1
9445930,1
622710,10
9446036,1
2249049,1
2249144,1
177127,11
5856909,17
9446164,1
298369,2
2249641,2
2249645,1
715455,4
9446269,1
9446310,1
9446358,1
8769360,7
2250547,2
182107,2
1300944,8
8769693,11
2250770,2
82867,5
1609396,15
9446961,1
585409,61
9446991,1
2251169,1
9447086,2
9447212,2
9447345,1
9447349,1
2559076,2
117568,3
9447536,1
2251708,10
1239555,15
1606326,17
2964513,10
9185379,3
4554906,13
260220,6
2810617,19
1174924,3
2252126,27
713682,3
9448186,2
9448342,1
9027558,9
9448519,1
3408928,55
9448612,2
3332854,48
907197,41
1485295,25
2253027,1
2253101,1
9449135,1
2253263,1
2253299,1
1390936,71
1191294,32
1228567,195
1568925,11
4175265,6
9449847,1
8935026,10
9449901,3
9449988,1
9137023,2
9450061,1
9450072,1
9450101,1
9450111,1
9450115,2
9450117,1
5496195,3
9450329,1
73979,1
9450341,1
4988504,2
8406567,4
9215327,6
9450786,1
9450803,1
9281041,11
2785552,1
3183159,1
9451015,1
2255340,2
2255675,3
26294,5
9451449,3
2255762,1
1496221,38
214560,22
9451691,1
9451703,2
1920432,4
9451790,1
9451795,2
98908,8
1490830,4
9451937,2
9452218,1
921745,1
2677461,16
9452390,1
9452513,1
4134049,6
9452634,1
7167,4
3169410,5
725677,6
9452840,2
3231664,4
4892671,4
9032571,4
8930228,105
8803040,9
2256910,3
2256912,1
2386985,3
9453391,1
64690,10
9453636,2
4119470,5
9453825,1
9453963,1
9454014,1
752192,18
34186,8
9454088,2
9454120,2
9269967,2
2258748,2
9454267,3
2259062,1
9454612,2
9454622,3
2388981,5
2765848,6
566017,6
4208265,3
8238887,2
9455173,1
2259672,3
1680082,9
9455490,1
2259867,4
2259995,7
787084,4
279773,3
1030874,10
9455849,1
1419254,2
8820599,22
9455890,1
9455906,1
647451,8
159697,4
3372645,13
938130,5
9456264,1
2260513,1
2260607,3
1568610,2
4174772,14
1568674,1
669175,6
402524,18
847947,4
9249752,13
594771,23
9456689,1
2252703,3
205226,2
9456747,1
413321,4
284783,21
2261679,1
2261783,1
9456987,1
9456990,1
2261888,1
117426,11
9457060,1
2263013,1
8887759,7
8842940,3
9457144,5
2263113,3
9457154,1
1294125,20
1351016,24
534958,16
2263322,1
397294,110
450119,68
266246,115
9457485,1
2263934,1
9457526,5
2263974,7
9457533,5
2125152,8
2263980,3
128288,7
8935244,2
944685,1
9458075,1
9458134,1
9458319,1
2264629,6
9458452,1
2264901,6
3459770,2
9458762,4
558923,76
2265609,1
2266325,1
9459030,1
975867,6
9126354,3
2272097,6
289924,9
5690711,1
2272779,1
2492893,1
2272985,3
1343023,3
1560757,16
9127513,7
9459547,11
1044910,8
2273284,3
60491,52
9459739,2
9459768,1
9459777,1
1659657,3
2273436,3
2273483,6
2273613,1
7016404,1
9181690,4
9007130,2
9460409,1
9460604,1
2506351,13
23781,7
2854166,2
1426900,14
2695026,10
3410381,6
2683642,3
9460926,5
7029716,36
570542,14
693576,402
257694,5
9461224,3
4286661,1
8634363,1
9107851,10
9461431,1
2561499,12
9276609,5
1713673,12
8982856,19
1154765,8
1613580,3
9462005,2
2275281,1
1766795,15
9462230,2
2276310,1
120519,61
2276568,2
9462635,1
8888012,9
1530654,2
9463127,1
9463135,1
8887212,14
8888986,7
2277054,1
9463253,2
2277142,1
796913,11
2436988,12
8775509,6
9463446,1
2277410,2
9463499,2
4190016,19
2277560,1
1735941,37
7797753,6
64465,50
2278122,2
9463801,1
2278158,2
2278187,2
2278252,3
446878,9
550812,5
9463994,1
646831,1
2762759,2
4506955,16
9464270,7
9464321,1
9464643,3
9464681,1
9072143,12
793274,59
351863,1
9464934,1
2148892,1
1125512,1
9465150,1
9465151,6
1433799,2
9465223,20
434288,7
9465388,3
571360,57
7418333,2
2280938,1
9274430,3
9465785,1
2281366,29
4695581,4
3404910,19
9466060,1
9466064,1
9466123,3
9466129,1
6913666,8
5812506,11
1487594,3
1553365,7
8762909,2
4375667,2
8582,76
2282508,28
386041,40
2282412,7
1302759,3
1186833,7
9466506,1
9086978,10
2809268,34
9466764,17
1627647,65
9466827,2
9466849,1
9467100,1
2783362,67
9467672,4
8821725,6
1227461,1
2284404,1
678360,1
9007264,17
9468215,1
9468386,1
9468399,1
1777552,8
2284918,1
44402,13
1320422,2
2285059,9
3373375,1
792472,4
2285572,1
4281127,2
9468792,1
7372425,5
457932,2790
9469047,1
2286267,1
1488261,31
40505,55
3361375,2
9469509,1
173763,5
9469909,1
877401,3
9469976,2
1809242,1
1036051,5
2287694,2
2287889,1
9470456,1
9470462,3
2288032,1
9470545,2
2288087,2
2657250,19
9048017,15
2288129,5
1549365,1
2288208,5
2288258,3
2288333,2
2288378,2
2288644,6
231154,5
2288652,9
9471120,1
2289242,19
1476184,1
1984475,3
2289438,1
2289626,1
2289621,2
9471429,5
9240101,2
113644,6
9471580,1
136525,89
2290073,10
9471683,2
953757,2
7534303,2
7677439,5
9471984,1
8436307,1
2600936,1
2290878,1
2290891,1
4073323,3
1716014,2
626692,55
9472381,1
9100417,5
419900,6
9030241,2
2291308,1
572723,7
8967265,16
353173,4
2291697,4
5549705,1
5548574,4
9473054,3
9473157,1
1689660,7
576137,2
2825232,15
9473264,1
2829650,7
4027332,1
2293192,3
1345849,4
131533,11
9474074,2
6217652,1
2511348,11
2310041,102
2313354,6
9474398,1
265065,7
260872,12
1209243,77
402206,3
652301,9
6704996,3
2299475,2
1061364,3
2299526,11
9474586,1
3146431,9
9474780,1
2299668,1
6820892,42
2299608,2
4416459,11
9475136,1
2300294,2
68993,13
2300358,2
2470661,2
9475527,11
2300458,12
739737,3
2300437,5
9475605,1
2444612,4
901880,8
9475931,1
9475979,1
9476014,1
9476046,1
9476069,1
867478,2
5675462,3
3157651,4
1688473,3
2302263,2
9476221,6
925726,4
2306712,2
9476281,2
2464399,9
2314730,1
9476690,1
9476714,2
2315415,1
9254148,4
1626971,5
949503,6
2315479,2
9030539,4
3424935,2
2316003,2
2316022,2
1867996,4
2924749,1
1627141,1
9477499,1
9477533,1
2316234,2
9477611,1
2316641,1
2316947,2
1024461,1
9017693,3
7335070,2
2317998,1
1088545,3
4375332,7
1199830,21
9478045,6
3072535,17
9478327,3
1416592,8
9478432,2
4252620,4
9232635,4
2318929,2
3587748,15
1422111,33
2319075,1
9078911,4
9478967,1
627031,14
9149638,5
2319872,1
9479210,1
2320027,1
9479474,1
2744790,1
8816838,2
2320313,2
2320093,1
3106056,2
7145196,2
4583401,1
9479908,1
9479977,2
9480051,1
9480093,1
1079359,4
1429075,19
3328012,6
35037,16
2320960,1
125465,20
251576,171
2560323,6
9480237,1
2321193,3
903324,3
1074248,143
287908,25
9158596,7
1806609,10
2321558,11
28571,8
675089,11
2321796,1
1025855,9
3154757,6
9480519,1
5811687,5
9480812,1
9480832,1
9480902,1
1141529,5
2322594,1
2322666,2
9481111,1
2324218,3
2324222,4
2324232,3
2324347,1
1203836,1
9481530,1
2324663,3
1532213,29
1764787,13
9481792,1
9481793,1
2325259,3
9481854,1
3502537,8
4130011,14
8804874,25
1418740,5
9482143,6
4805363,8
9482197,2
8986280,5
1235173,1
2326433,42
9482517,1
1495682,16
2326500,2
953429,3
9047830,3
9482993,6
2326725,1
7421206,1
2327089,1
2774148,2
2327107,1
2327221,12
9483235,1
8966320,7
9483368,1
8871568,15
2327432,2
2327553,9
1187240,1
9483581,4
1218654,4
9483649,1
2327711,1
551231,13
9483668,3
1000924,20
1444762,3
2328049,1
394946,3
8920597,3
395167,6
2328108,1
8816884,5
2328220,1
2328380,3
3108983,1
2328438,1
2328422,1
3118333,2
7125158,29
1303736,2
9207751,19
3177311,5
19990,14
890287,2
2329258,1
2329361,1
8987720,4
8987648,8
1074446,6
9484517,1
2329701,1
1067598,3
2329743,1
9484725,1
4639734,35
9484899,1
9485115,1
2331333,1
9189966,2
9485358,4
9485405,3
9035377,11
2331512,1
386325,38
113959,42
4836923,6
602287,3
1565763,1
2331712,5
9228861,7
9485698,1
3294175,1
2331816,1
9485947,1
295581,27
679384,1
1516216,96
133824,15
9486016,4
524977,17
122616,13
2332466,1
154393,62
3355211,2
16463,3
79864,38
9486525,1
2333223,2
394275,8
9486878,1
9486909,1
9487131,1
2333756,2
3442150,2
9487190,1
2334170,18
7597341,6
8426976,3
9487514,3
8577219,1
9487615,1
898698,390
2334494,11
9487818,1
5064317,2
1844415,2
9487986,1
9487994,1
9488011,1
2239820,2
77826,8
9488078,1
4563564,1
2355531,2
2700185,20
8899757,8
2334749,1
8192159,34
2334851,1
1207734,35
7559847,1
9488714,8
5940482,1
9488881,1
921310,3
1157726,1
257777,157
9488984,1
1681611,2
9489037,1
9489057,1
9224542,8
8957511,5
119363,266
1018198,16
109404,15
63196,530
4299450,2
4238998,6
1047079,2
9489870,7
9489877,2
2336526,1
2336661,1
2336808,2
4292348,1
2998022,13
3061363,9
8966149,3
2337391,15
8539302,25
9490306,1
9490347,1
2337776,1
9490353,6
2629376,5
143564,3
8851496,8
8917523,6
737312,7
4939803,4
1090300,7
1211604,36
2338918,1
2145919,1
3440921,9
9490866,2
9490900,2
2339100,2
9490992,1
9490995,2
4831261,4
1520129,2
9491146,2
9491147,2
2482840,1
9491352,1
4796973,5
9154670,7
327425,5
9491559,7
3099657,2
9491806,1
2888070,65
2339877,1
4560923,7
4214976,4
9492300,1
9492419,1
2340353,5
2340412,1
91899,81
2340975,1
3165236,3
9492673,1
890880,3
9492960,1
9493036,6
9493084,1
9493175,1
4046247,2
9493221,1
9493326,1
2342833,3
407799,9
9493419,1
1901868,2
9493434,1
1519656,4
1067882,13
8824777,26
2342919,2
9063599,2
1151453,69
485210,2
5743937,4
2343198,2
222564,4
210614,3
2680287,3
2898494,37
760738,9
2343687,36
9018977,8
9493960,2
9494142,1
9494145,2
2344254,6
2344290,1
4080186,4
293546,112
2344934,1
9494314,1
2345030,92
1824413,6
9152128,3
8537366,4
2345919,9
8785634,13
2346184,4
9495318,3
2346894,2
9495381,1
5469363,23
591596,15
9222314,2
2347189,1
81073,3
2347751,4
404017,18
1280419,7
163283,19
132696,25
27001,8
9249331,3
9495808,1
8831494,3
4996631,1
9495885,1
9495974,1
22127,56
1375655,1
606859,16
2348570,1
9496117,1
2348825,1
2349040,4
8815127,11
8930364,2
2273525,3
5479610,14
3019532,3
9496734,1
9496843,2
505475,300
9497110,1
3002160,1
4235226,6
1052485,4
1651163,3
1580205,4
62415,7
2350200,3
663728,13
7822733,3
9497901,1
9167575,2
2350322,2
9498049,1
9498083,1
9498184,1
9498216,1
9498256,2
2948563,1
1679931,3
2355065,1
2355083,3
790617,3
957142,1
645088,35
2355901,1
918441,1
352303,1
2355995,1
2355993,1
2356085,2
704314,2
2484288,1
426902,2
9498752,1
9498853,3
9498912,1
9498934,1
9499167,1
6195460,1
9499329,1
820677,3
2357043,1
2356946,1
9499470,1
9499492,2
9499516,1
9499564,1
9499616,1
9499821,3
7504694,18
2357253,3
524422,11
1497828,43
552073,46
2471338,5
6324000,5
9500211,1
4637419,1
5670865,1
1582566,1
71558,13
9500715,1
8783243,49
9501045,6
1518344,2
2358449,30
9501635,2
2358481,1
2358723,3
9003115,10
451432,9
2359551,3
2359875,3
438016,2
3503284,10
2691871,1
6660294,5
8812201,2
128294,1
9502557,1
9502610,1
9502867,3
1803611,6
1743411,8
9502992,1
9503067,3
2360608,32
9503138,1
8798890,4
1444144,7
8820901,2
2360886,3
9503263,1
2361681,1
9503412,1
7238663,2
442752,4
9503533,1
402624,17
268600,24
1389773,10
2362793,1
120368,146
153538,33
127975,7
9204088,7
9504207,1
9504226,1
9504305,4
248632,4
2363951,8
6740574,1
787802,4
1811675,14
2364239,1
9504512,1
2364312,4
954812,18
2364421,1
1960748,3
9504609,1
9504612,1
9504671,1
9504788,1
1433864,3
1765389,62
9010720,5
2846335,6
3019818,3
7803747,1
9505157,2
1002590,3
1348091,16
402585,3
2366541,1
2366561,2
9505499,1
1534426,2
9505578,1
9505580,3
9505591,1
537379,29
9225189,5
8944751,5
5521757,2
5058582,12
9505729,1
9505752,3
501844,15
9505832,1
9505849,1
26377,344
9505967,5
9506015,1
672605,11
9506181,1
5027518,1
2367891,5
9506451,1
2368222,1
2368320,4
2297195,1
850800,6
2637227,24
4207537,3
99032,7
8838994,14
121783,13
208552,5
1308376,1
2369294,9
2369361,1
9507102,2
2369356,2
9507115,1
2369371,1
2369393,1
9507166,1
6844438,1
9507450,1
9507479,1
9507735,1
9507753,1
9507879,1
9508012,1
9508230,1
9508269,1
9508365,1
9508374,1
2370075,1
9508444,1
1770825,4
1089451,1
9508654,4
4369478,3
7071581,3
9508699,3
3928685,13
1684675,4
9508880,2
1299582,8
9508914,2
4818640,3
961086,5
8990769,2
2370752,2
9509202,2
3396569,37
9509255,2
2376537,1
1219658,3
2376750,1
2376774,3
2376782,1
12967,2
1502321,15
9509668,2
9509760,6
1908185,41
833068,1
1216558,1
2377563,5
543858,4
6834246,17
9510177,2
1356301,5
1088633,8
258208,12
2377998,2
932660,33
2378054,14
648677,12
3276885,4
4174362,2
9510735,1
9510871,2
1785333,16
9511008,1
7521791,2
9511139,1
9511303,1
2380608,10
9511637,2
9511740,1
2381321,1
1361936,1
9512161,1
3092909,8
2382469,2
2384020,1
228066,5
2821858,12
371949,3
9227089,4
298346,19
6940912,5
1689606,182
2384758,1
9512905,1
6574039,2
2289001,4
5525302,4
2385424,1
1886243,17
428891,6
5808869,7
9513226,2
2385661,1
2386020,6
294242,21
9513604,1
9233852,2
9513650,1
9513662,1
9513665,1
9513810,1
9513821,1
8271937,2
1635885,1
5833104,3
1198550,10
9514015,2
2346683,3
2386574,1
9514151,2
2387131,3
1023920,27
2387510,1
8594990,8
5502926,4
1742893,14
4456771,3
9514421,1
9514511,2
8787617,13
9514559,15
9025798,21
2388412,1
2388558,1
1460274,5
2388645,1
703023,1
2388757,2
6564071,8
3114993,7
9281655,3
2388986,2
3214028,8
9515305,1
9515560,1
8114794,3
2389713,8
2389894,3
3113891,2
9515813,1
9515845,1
9515921,1
9515924,1
9515953,2
9515972,1
2390345,1
2390337,7
1201352,136
1332392,3
9516108,1
9516262,4
1205626,1
9516322,1
7326857,5
9516328,1
9159378,5
2390687,1
9516685,7
9516691,5
2390941,69
8327661,2
9516965,3
2391272,3
1744923,1
2391350,1
7594406,9
472701,2
2393109,6
9517272,1
9517276,3
2682531,2
9517332,1
2393771,1
206854,15
9517442,2
9517443,3
2394740,8
8847711,4
272102,14
745959,13
9517737,1
9517748,3
1936891,313
3987292,5
2395158,6
2395202,1
1197018,1
9518059,1
9283176,12
9518062,1
2395706,1
2396163,3
1321494,5
2396273,1
2396308,8
9518481,1
9518635,1
1487696,14
2054128,10
681589,6
2396873,2
1642413,6
9519413,1
9519445,1
272736,5
9519669,3
9519778,1
2397975,8
2397999,8
2534283,3
1066179,1
9520100,2
2398332,2
9520301,2
2399002,3
9520494,1
4528163,5
9274042,2
2399318,1
9520714,1
1679770,3
1537018,5
2399578,1
1524868,5
2399766,2
9521019,1
9126402,14
568068,11
9521341,1
1378432,1
605353,9
2400664,2
1934862,2
668484,12
9521883,1
1865089,1
2847956,4
8904424,2
9522017,1
2413111,1
2412403,1
2413547,1
2414090,1
2414380,1
2414573,2
45236,5
602271,4
9522562,1
4626387,14
1200884,4
4833393,25
2415031,3
6766901,3
9522709,1
9522721,1
8134822,1
9522743,1
9522811,2
9522814,3
9523009,1
9523063,2
9523075,5
1383418,7
2367619,8
9523196,1
9523200,1
7163750,8
9523313,1
9067736,2
9523342,1
223461,25
2416841,2
628925,58
2416996,1
1367734,36
1240342,7
1698371,8
9524086,1
9524187,2
1011079,24
969656,8
2418035,1
1867938,1
9032223,3
2418182,1
2418542,1
9524619,4
2418754,1
9524757,2
2418989,6
6803081,7
9524905,2
9524910,1
678641,6
9525092,2
3104600,24
9064106,2
2419511,1
2419498,1
2413997,8
9525865,1
211480,1
2035095,1
561626,37
9148847,3
9148925,13
2420199,1
9526049,1
1864293,5
9526199,1
9526227,1
1582711,2
2420607,10
3133583,7
4224740,5
2859613,1
9526770,1
2421001,1
9176725,2
356863,1
9527004,3
2773512,2
47627,14
4144521,13
9527109,1
2421345,1
9527168,1
2421883,1
3200717,1
2422023,1
2422092,2
1237927,7
941246,6
9527420,1
2422947,6
2423292,1
2423485,3
709448,2
2609043,7
782249,3
3899955,1
2424651,1
9528099,1
591767,5
9046901,3
1220331,125
9062935,9
263129,10
9528285,1
665962,5
634503,12
989871,86
2425183,8
6845725,1
2425235,2
2425252,1
2425245,1
1224200,8
3133610,2
9528772,2
9528797,1
2426319,1
9528951,1
1043813,4
4402566,19
5762203,11
8161748,1
9529570,3
2246681,35
5799628,2
2075140,1
449509,4
9529851,1
2430850,3
9529967,1
3030646,6
1178913,10
9530063,1
251046,26
1390802,60
2433422,1
2433802,2
2052993,1
8888880,3
9530435,1
70873,34
936947,11
2524886,10
9530615,1
9530648,2
9530675,2
3330804,4
9530692,1
9530701,1
9530726,1
1864769,11
933506,8
2436445,1
2529410,4
7201724,1
9530995,1
9531038,1
9531314,1
9531316,1
9531348,1
9531371,1
9531432,1
622715,7
9531502,2
9531539,1
193751,7
2436997,1
2437000,1
2437010,1
5717786,3
4691450,5
3343318,4
8609131,2
22061,2
2437409,2
2437583,1
441159,3
6822867,5
1767158,9
9531978,2
1192017,4
8926092,2
9532148,1
222800,29
5969066,2
9532251,2
9532295,1
6171023,1
3823657,7
1801232,5
9532591,1
9532651,1
8972084,13
2440517,4
682076,5
9532780,4
2440879,2
9533207,1
9533219,1
9533265,1
9533270,1
9533666,1
9533678,2
564327,21
414367,118
9533797,2
1333977,21
9533880,1
1582594,3
2442314,1
2442347,1
5589115,2
3061579,8
705701,11
9534205,2
252024,50
8811818,5
8581990,6
2442734,2
2442747,2
2444512,5
3025650,13
2444800,11
9534584,2
2391333,4
9534683,1
2445348,1
5764451,5
9534874,1
3408920,19
2393055,1
3369595,22
2445699,1
2445824,1
2445918,2
9535144,1
2254441,2
832847,14
2911176,1
2451377,1
9535287,5
1637348,1
2415570,7
9535481,1
9535494,1
6506028,9
9535520,1
2451877,71
9535563,1
4585330,1
8953104,6
2452019,1
2452042,1
730763,2
864673,17
1314464,36
2452792,3
438648,3
438676,4
438845,1
8598035,18
1221101,21
2142097,11
9535866,2
9535902,1
2455200,1
262613,20
1633835,2
2456130,31
4218068,2
2456320,1
921028,14
7046738,2
795161,10
2456716,5
2456793,2
1513120,12
1634260,14
1513706,26
2457216,10
9536523,1
5306518,3
9218147,5
8040837,1
9537070,9
7878373,2
9537128,1
2458149,2
9537233,1
223416,9
3063173,1
9537634,1
5573155,2
2459871,2
9537720,1
2459774,2
2459959,1
2808965,3
9537884,1
2460009,1
1574215,1
9538083,1
5780274,7
9538194,21
6690010,2
2460545,4
9538455,1
196768,3
1220275,1
111818,4
625400,2
4154432,47
2956016,5
9011601,9
2462655,2
2462713,2
9011579,5
9538806,2
2463423,3
1196296,16
9538903,3
2463878,7
9538932,4
2464086,6
933011,6
1753478,5
2464279,1
9539089,1
170857,2
170729,14
2464763,2
9539332,1
2464833,1
5705747,4
9539581,1
9539596,1
9539608,1
9539850,1
1231806,44
2465947,14
3577212,11
3576947,12
1229602,3
900155,1
866778,118
4352745,1
1312933,1
207109,3
3211121,12
4531978,23
221147,7
2339350,2
6506674,8
665842,8
9540445,1
9540557,2
605270,3
9540693,1
9540706,1
9217997,6
9541018,1
1633686,5
1223973,7
4639697,8
9541261,4
2721497,2
7088317,4
9541367,3
8979735,11
9541464,1
7288165,3
1790213,2
5577839,1
3927670,3
2468568,1
867314,1
2468935,1
2469137,20
2469124,1
5041096,3
1431865,4
2130055,5
4494000,2
745781,4
6857392,4
9542306,2
9129675,3
9542478,2
2469917,1
1623265,5
8878941,16
1728389,3
9542764,1
9542952,1
9542975,2
8364688,2
9543205,1
9543221,1
2471505,1
2471685,1
9543479,1
9543661,1
9543711,1
9543854,2
9254076,7
2471993,2
8510322,1
2472088,1
2472110,2
3902448,16
8586673,3
55419,345
2472480,62
7389354,2
9544516,3
2472641,1
374532,2
2248599,2
439418,1
9544760,1
9102576,3
2472777,2
9544878,4
9544890,3
914060,25
3121066,31
9545003,1
2167379,3
9545023,1
8802781,10
9545101,1
9545173,1
9545224,5
2473099,1
2473213,1
2789650,4
9545639,1
2473265,4
2473269,1
2473312,1
9545866,1
1603322,23
955796,7
9546072,9
637078,11
9546246,1
2473727,6
9546366,1
2473861,1
959121,3
9546601,1
4810067,2
9546674,2
9546693,1
9546834,2
1804629,6
8900029,7
2474195,23
9546995,1
8818296,4
9547158,3
8898097,3
6899157,4
2474594,2
7203786,2
519501,1
9547392,1
1042510,123
9547647,1
1604670,5
2475627,1
2475748,1
1455404,53
598588,4
9547788,1
2475843,1
9547967,1
9547969,1
9548018,1
991112,4
9548236,1
9028698,3
6722844,11
5026375,5
9548493,1
9548614,3
9548678,1
2477406,2
2477526,1
9548736,1
2477515,2
9548748,1
1284176,5
9548881,1
9549051,3
3009593,34
1361671,10
1637250,1
526727,3
2478253,2
4553494,5
2129222,2
2376625,3
9164126,2
9549406,1
2479165,1
9549471,1
9549542,1
2479701,1
9549606,1
2479735,6
2479729,1
527751,9
9549639,1
6887794,7
9250871,2
9254641,9
2716556,16
2691217,6
8874194,2
9549966,1
324999,1
9550057,1
9017852,8
9550454,4
9550544,3
9550560,3
2480743,14
2361340,1
2481189,1
9233558,8
1393689,10
107987,4
7831880,2
1802358,5
1455343,9
6635265,3
1166528,7
3146093,8
521256,12
9550889,1
1609910,7
9039625,3
883745,1
1129475,137
675513,9
9551108,1
9551214,1
9281266,14
923190,3
9551345,1
9551387,5
443269,40
9551529,2
9551604,1
985634,20
3088500,3
226933,6
962411,1
1461038,3
9551837,1
9551904,1
9551923,1
2486566,1
9552120,1
9552255,1
9552377,2
1008208,4
8813937,2
201695,3
5410917,8
94570,2
9552598,1
131061,49
3929342,13
9552753,1
9552902,1
8990381,6
9553151,1
9553177,1
2487560,1
932678,4
9553297,1
2487997,2
2487999,1
9553762,1
9553863,1
9553876,1
9553938,2
9554008,1
3444055,3
9102878,6
9554119,3
273297,9
9554247,1
2488961,1
8619534,3
9554378,1
9554472,1
1992560,2
9554684,1
9554768,1
1013572,10
7543113,2
9555087,1
3516466,1
2493159,1
9555202,1
8044861,1
1089326,3
2493629,1
5355182,7
2493857,2
2493966,2
2494037,2
2494201,1
2494363,4
8987229,5
2494835,8
2495261,2
290632,10
2495578,1
401843,1
2495720,1
5543591,2
9555601,1
1536431,6
9555692,1
5550159,3
9555703,1
625107,6
1000975,10
9555766,2
9063536,8
9556020,1
4626794,41
9556196,1
9556272,1
9556288,1
2768635,12
9046381,5
9556371,1
2497020,5
230768,2
239544,4
1162021,52
23152,6
9556654,3
9125636,4
2497425,3
9556830,1
9556865,1
2497935,2
9556997,1
9557062,1
9557128,1
9557138,1
9084715,6
9248258,2
429806,2
9557564,2
2500000,2
9557728,1
9557795,1
2501307,2
9557881,1
6572435,3
5386364,4
9558138,1
9558160,1
2501379,1
1130194,4
5186812,1
2864338,1
9558392,2
2667809,2
3451546,2
9206084,2
8475467,1
9558616,1
2501879,4
9037298,2
1707231,3
2503276,2
300265,1
2504434,4
2198233,1
2489875,9
2505102,1
57424,6
2506437,1
2510489,1
1574448,8
9210516,2
9558797,1
9558856,1
9558897,1
949285,5
581004,3
3584189,2
1042423,20
293221,25
293177,196
9559429,1
4457126,10
4224387,4
2515161,12
5138295,2
35742,43
48752,9
9559715,5
9559730,1
9559794,2
4999168,7
2515867,2
5752718,14
9559952,2
4326826,1
2828476,4
1457318,257
1133439,4
9560264,2
9560273,1
277386,2
9560444,1
2724359,1
899004,1
2517113,1
1449469,32
9560905,2
1012293,3
2517458,3
9561029,1
2517484,1
2517506,1
4399479,3
2517972,3
5791810,1
2518124,1
2518182,1
9561587,2
9063960,2
2518354,24
9561710,1
698445,1
820,10
9561752,1
1321233,2
2129376,14
2766490,16
535165,3
1220470,11
2918461,2
9562231,2
9562323,3
8693652,4
450239,47
2519167,1
9562417,1
842187,114
8594324,19
9562759,3
9562774,1
9562778,1
9562810,2
666825,4
9562822,1
2153914,4
9562899,2
7088165,14
9562958,2
2869166,3
3296146,162
1091994,6
2520079,2
2520198,4
2520416,3
1448187,10
1130188,2
2520526,3
2520538,6
540955,1
9563525,1
2520878,3
2276432,1
151677,15
2521204,26
5669674,5
302341,6
1637523,3
9563793,11
8862166,9
2521398,1
9563872,1
1592167,1
8947447,13
6312798,1
435803,8
2686286,2
9564127,1
9564174,1
2521773,1
9564468,1
9564652,1
9564684,4
20848,1
9089600,3
6786889,3
9017550,2
1416830,2
8840941,7
2427717,1
8901432,9
9565018,5
8879771,6
5985615,5
9565068,4
7933186,8
8292377,5
9565227,1
438396,5
2523182,2
2523307,2
2533465,7
2523382,23
9565343,2
1425278,3
2523630,1
2523639,3
9080636,8
9216306,7
385880,10
8793232,4
9565466,1
9125498,3
9566046,1
1165450,2
9566243,1
2524824,2
4912485,7
7949043,3
2524914,2
9566458,1
2525105,1
1828941,4
2525142,1
2525155,1
9566740,1
8456252,3
2859269,2
288667,70
9567448,1
9567469,2
9567474,1
9567530,1
1811636,2
4403589,7
2526304,1
2526368,3
1516191,25
4667103,2
1676165,2
1211898,1
2527030,1
2527168,1
9568344,2
2527297,1
1285475,1
2527312,1
2527337,2
9568417,1
2527534,2
1171160,2
8784437,5
2527901,1
2527929,1
9568832,1
9568858,3
2528051,2
1293298,61
2708565,2
9031541,8
9569282,1
9569357,1
2528684,1
354651,1
5934638,1
9569528,1
9014714,5
8041148,2
9230520,4
326905,3
954023,775
2392807,24
2529752,6
8759924,5
2529869,1
109071,4
3044808,1
2530413,1
996967,3
2530761,6
1803747,2
2530802,1
9570386,1
2530795,11
9570393,1
2530766,4
6696942,2
1377754,1
4401667,7
9570711,1
9570758,1
9570763,1
9570802,1
1299881,7
8602555,5
9570847,3
8426029,3
8982747,8
9571366,2
9571458,1
4890112,14
9571546,3
8830442,8
2534500,6
9571661,1
2401522,1
9571881,1
9571915,1
571480,8
366852,2
9572308,1
9572325,2
2534852,1
2534857,4
9572584,1
2534978,1
9572924,1
9573063,1
8887725,6
1035552,8
9573283,2
127946,8
9171489,2
9573612,1
346699,1
1968810,2
9285142,2
947242,21
4008869,15
9574227,2
1219215,15
618380,14
9574321,1
80232,4
9574330,1
8971775,2
4456956,13
9574428,1
9574510,1
2537654,2
8651198,3
4852496,3
9574934,1
9575031,1
777458,5
9575037,2
9575061,2
9575101,2
9575187,1
9575227,1
9575238,1
2537997,4
9575315,2
3277252,2
9575356,2
5885688,15
2538098,1
2538192,1
115228,6
2538619,1
2508729,11
3358450,2
9575715,1
2142654,1
2538788,4
8126030,2
9575873,3
1006010,5
930739,19
4363010,1
557978,4
2539255,1
9576209,1
9273143,5
9576365,1
2539354,1
9576454,1
9023023,5
9576627,3
9576656,9
18926,2
9576700,1
9576710,1
2539855,1
9576824,1
1783194,4
4835003,9
1737124,1
9576945,1
9576959,1
2557816,1
4710135,5
9577161,1
9577189,1
9577288,1
9577289,2
2829885,2
481323,1
2558156,1
155734,4
1224410,2
2558766,1
9577950,1
9169061,2
9578113,2
1047403,3
2559057,1
9578365,1
9578409,2
3392078,16
8038666,1
9578469,1
2559948,1
2559975,2
2560108,1
9578679,2
9578821,1
9578831,2
2560437,1
2560505,1
2560852,1
613530,8
2561150,33
2561284,1
8936757,3
524589,2
4022671,3
2561838,10
714607,2
4689175,23
4012303,3
9579421,1
2672535,3
94620,4
2562770,4
1147592,17
633560,5
9579965,2
653250,6
2563231,2
2563516,1
2563633,1
2564013,1
1329827,3
9580267,1
9216218,5
9580626,1
2565121,1
5014351,3
9580721,2
9580848,1
1247313,2
2565328,1
2565331,2
9581009,5
2659076,15
2085738,2
2462344,1
2565622,32
9581460,1
8836947,5
9581497,10
9581516,1
1932475,2
2590511,1
2592050,1
9035017,7
9582011,1
5792756,1
8813002,7
9582617,1
9582716,1
9582958,1
416994,2
9583527,1
9583853,1
2768238,4
9584292,1
4812723,2
9584639,1
5610131,2
9584708,1
9584744,1
5418610,3
9584903,2
9585261,1
416461,1
9585353,1
920766,2
2715767,5
8074235,1
2570625,3
9585530,1
896701,6
2868945,1
9585748,1
438084,4
9585769,15
9585775,1
8267293,2
9585852,4
3371802,3
9586019,1
9586240,5
2595818,26
9586573,1
9586657,2
9586673,1
9586866,1
625876,181
9586898,1
2596390,1
9586993,2
2596470,3
9061428,5
9587098,1
9227436,4
2382981,1
9250600,4
924909,1
401960,1
401962,1
637938,2
469890,2
722508,6
2597740,1
4116318,3
2597826,3
764055,6
9587627,1
5014425,1
9587787,1
9587810,1
8391043,2
9588032,1
9588055,1
162213,3
2598067,2
1143658,4
2598075,1
9035865,8
8937341,9
9588260,1
9254966,3
9588362,2
9588381,1
9588448,1
9588470,1
5953732,2
1163237,2
8896451,3
1487108,8
2606264,2
4943632,8
9589139,1
9589192,1
7274878,1
742972,29
9199018,6
2607584,1
723592,21
1606035,4
2607826,1
9590032,1
1356756,4
7837906,2
2121752,28
1547857,26
9590242,1
1156053,13
2368920,23
4220823,16
1741960,7
1456748,76
4528866,5
9590576,2
1779299,7
300827,3
2608304,1
9590752,3
8893885,3
914733,4
9079503,6
2677150,2
2609288,1
2609358,1
9591343,2
9591413,3
2609611,1
9591565,1
2609643,1
2609654,2
723808,1
9591744,1
9591816,1
1774246,13
850979,1
9046363,3
9592185,1
2610255,1
2610280,1
790180,6
9592472,1
524564,70
2610671,1
2610739,3
2610693,58
3234976,1
5457030,6
9592836,1
9592898,1
2610892,3
9593218,3
7839736,1
9593399,1
749013,6
896240,2
4774439,9
2318291,2
9593469,1
4975431,3
9593658,2
9593740,4
3359350,14
9593824,1
7433898,5
2612077,8
5737318,9
9593963,2
425874,6
2612333,6
9593981,1
990441,2
9594039,1
9594048,1
1217701,6
2833662,31
982029,1
9594245,4
1516277,9
1064080,8
4494090,6
9231268,3
9594606,2
438044,13
994751,14
7445876,8
8964,8
2219854,1
221371,2
2614066,7
2613942,1
3533999,1
2614180,1
9595472,1
9595520,2
9595543,8
2867116,3
9595684,5
9261737,2
9118666,8
5279959,1
2618128,1
2618240,1
9595992,2
9596005,1
384005,4
9596154,1
2618464,4
2618829,1
484354,6
89967,6
5914271,2
1564154,6
2620014,5
9596827,2
9596887,1
6402547,2
32619,10
942928,4
1435688,32
623147,15
2621248,10
1622498,4
1207742,5
9597522,1
1359629,7
9597760,1
2621752,1
2621753,2
2625682,2
9597992,4
5331160,4
9598077,2
5831801,5
9598131,1
9598169,1
2622390,1
243603,6
1577263,2
9598391,4
379803,206
1064069,12
118365,9
4959934,4
9598687,1
482379,56
9598879,1
1102371,53
9599091,1
7040221,5
9599283,1
9599332,1
2623903,1
2624056,1
5715323,3
671300,11
889586,70
2624229,2
1704533,2
5841980,2
9599870,1
1211204,2
2625342,1
9600016,1
9600047,1
9600081,1
9013897,6
1839791,4
503952,1
5716390,7
999,42
2626619,1
2626652,3
8920745,2
9118659,2
9600442,1
167593,2
5181088,1
9600768,1
9600830,1
5241158,1
9601060,1
2053591,1
2627486,2
2627515,4
9601379,1
420910,2
9601400,1
2630744,9
2885676,4
8812216,4
9601526,1
9601592,1
1399028,2
2628298,1
9602204,1
9602209,1
2628045,1
9602536,1
9602626,2
9602642,1
2629318,37
6687165,6
1503795,6
2629400,45
5115,7
698477,1
1226229,11
23225,95
523804,3
2539759,5
3909236,1
2630270,1
1663183,2
391012,22
2630694,4
9603063,1
5965469,9
9603195,2
629427,71
2397064,2
2631367,1
124934,2
2631544,1
2631768,1
1582823,2
2632561,2
8993240,6
9603690,3
4384125,1
4490851,2
4829906,6
2632876,1
9603865,1
9603879,1
9603883,1
9603927,3
1040628,2
7287148,3
9604292,1
2633854,38
2633920,2
299585,10
979763,2
1522361,4
2634222,2
1778872,248
5737667,38
2634512,1
8802685,12
2634683,1
9605531,1
9605532,1
2635342,1
7887538,1
9605821,1
1337931,1
2635606,1
9605894,1
2635729,2
9606140,1
9606201,1
6502381,1
9606377,2
596849,1
714076,4
2636673,1
2001127,13
787404,10
9606576,1
2636891,7
9606603,1
9606662,2
2637020,2
2637112,1
425784,1
2637285,1
2637481,1
9606956,1
3060413,3
4118254,3
67365,26
9607236,1
2638707,1
9607438,1
4799305,3
2638827,6
9607691,1
9607770,1
9607810,1
367453,4
2383920,4
9607872,1
2639138,1
1221191,3
1543759,2
4708237,2
2639438,1
9608467,1
2639434,1
9608590,1
1161571,3
6282186,1
2640133,2
2639937,1
2640140,2
9608979,1
1751086,14
5908940,3
9609285,9
849557,1
2640730,1
27390,11
9609455,1
206322,27
9609516,1
3268217,5
6535981,4
1195350,1
2182117,1
2641127,2
1635803,14
2641552,1
8893215,5
5297557,2
9610330,1
2919581,2
9610467,1
9610662,1
9610663,1
4263154,1
9610718,1
2641936,9
8763805,3
9611169,3
3568587,2
4380559,2
5461641,1
2144121,3
2642446,2
2646000,1
2646286,1
1544191,2
5339782,1
9612157,2
2646603,2
2646678,6
6738418,4
9230560,9
2647026,1
2647147,1
2647246,3
2516966,6
478510,1
9612958,1
62770,2
2647887,14
3167803,2
2647927,34
2648039,1
9613292,1
1649242,3
9613421,1
9613428,1
9613458,2
1095276,11
2648432,1
1085474,24
2648810,6
751527,6
2648977,63
2648973,69
1347281,6
2649292,1
2649334,1
9613649,1
9613820,1
9613834,1
9016750,4
8818232,8
2650333,1
2650494,8
9136467,3
9614146,1
2654745,1
9614377,1
9614407,1
2654899,1
9614523,1
9614578,1
9614675,1
4152365,4
2456300,3
2376388,1
9615117,1
9615121,1
2656860,4
2656966,2
1568326,4
2106925,2
73117,1
928334,4
2657229,1
7044280,3
2510988,3
9615757,1
9615972,1
9616124,1
2657802,8
2657889,4
2657888,14
9616335,5
1687175,72
9616587,1
8851650,5
2658483,3
2658492,30
1272657,2
8815851,6
2676423,3
2658942,1
7064775,2
9617121,4
9104458,2
9617233,2
3590758,3
9617354,1
1353718,53
645691,9
349937,2
2659746,1
130217,11
23379,4
914985,44
2659810,1
4268312,9
1164308,9
2660113,1
9618183,1
8758233,5
9618467,2
7550499,11
9618499,1
2660352,1
9618555,1
9618738,1
9618763,1
5847847,3
2660694,1
2660968,1
8692389,4
9619014,1
8947874,4
451553,32
5761614,47
2661329,2
2312114,19
1679342,5
9619155,11
1505383,148
1576868,7
1721235,3
2661962,1
2662367,7
1342760,36
54114,21
2662727,1
1655074,9
2662936,1
2663098,1
235918,11
9619365,2
1471571,247
1710056,5
984204,3
6673962,1
2663383,1
2663425,1
9619745,1
9619772,1
9169006,4
9208975,4
1487816,1
4212370,27
2665039,1
606399,3
64007,5
9620007,1
1870308,18
2665665,1
3161104,1
9620284,1
9153268,5
7101882,4
8829629,4
9620597,4
399806,8
1093117,1
2672551,1
1356466,16
2672827,1
1636643,1
2673645,1
8915051,15
9621041,2
2673883,15
1741439,813
9621094,2
60392,14
5137528,1
1181436,1
378103,4
517894,1
2674486,2
2674540,3
7609712,17
717360,9
2674923,2
1287175,12
2675056,3
2830240,3
2177825,1
934956,46
2675205,2
9143033,2
1113657,2
2675275,1
9622099,6
9622179,1
79342,4
570819,12
1392833,3
4893196,14
1278349,18
2133128,6
4533282,16
2428959,10
1779367,27
1336924,4
2675726,1
9257006,8
9622739,3
9622745,1
9622808,1
9622841,1
9622853,1
2676403,1
2676537,1
2676520,1
1288070,92
4633407,1
2676922,43
5490119,4
9159201,2
1621154,5
9623561,2
2677222,5
3131594,2
257200,1
9623996,1
9624011,1
9624031,1
8290583,3
536442,1
9624390,2
9624542,2
8691039,1
1215945,2
4882048,23
9624600,1
9624811,1
2677623,1
9624913,13
2678169,2
1519196,2
6743576,17
2678504,7
2678528,27
3147931,17
6174866,1
2678760,2
9625618,1
2683149,1
9625642,1
2683345,2
400361,2
9625967,2
2684383,4
2684590,1
2684639,2
9214778,9
156200,3
2684799,3
6804127,6
2684851,1
2684945,1
9626297,1
1071457,2
1053039,2
2685570,2
7592529,6
9626638,1
2685999,1
9626792,2
3348592,5
6747515,2
435506,1
2686253,1
9627008,1
2747192,4
2686374,1
2686418,59
8939381,14
2686697,1
1474269,1
9627246,1
1040401,7
9627266,1
9627310,2
2687000,1
2019181,1
2687034,27
879689,2
2687206,5
2687472,3
1639005,12
9627772,1
9627801,1
226579,7
2759238,92
450424,18
1156392,14
9627976,1
6775332,2
9628071,1
8894479,7
235410,40
9628157,1
9628189,1
1822971,2
4207808,2
6637979,2
9628343,4
2688329,5
2688392,1
9628808,5
2820787,1
2688886,2
9629270,1
9629371,3
9629394,1
9629476,3
554586,10
2692497,1
2692616,1
9629687,1
2692984,2
203158,2
873436,3
8214766,3
9630077,1
2693198,1
9630092,1
1448968,27
5889713,3
8954203,10
2695108,2
7295517,4
9630305,1
4818510,1
4721395,51
2695645,4
889013,3
2695852,3
2695953,2
2696020,1
9630703,1
860058,1
9630919,2
4389743,6
2907833,5
7419572,2
2697199,2
5831052,10
2697422,4
1146585,4
2697991,1
9631179,1
2698460,1
9631282,2
9631353,1
1297780,3
1474389,2
2699264,1
116132,8
426414,3
1975778,41
491899,1
8934862,3
9632013,1
8786043,2
9632281,1
9632337,1
2700020,1
1009188,3
2700151,1
4449680,12
4933355,1
2700214,3
4857265,3
9632683,1
8962706,3
9632843,1
454374,1
9633052,1
4266979,10
6194491,1
9633199,1
9633239,1
9633432,1
4228393,2
2703714,1
9633630,1
1831063,3
3356457,6
780686,42
3390187,10
4712107,2
287144,31
397548,7
1571068,1
9634138,1
9634252,1
3998580,5
9634342,1
9634453,1
9634520,1
9634530,5
9634534,1
9634549,1
9634609,1
1456671,2
9634996,1
5623303,1
98660,3
696163,2
9291282,3
9635288,1
7450705,12
9635472,1
2706611,2
2071524,1
9635499,1
2706716,3
5302398,1
9635533,1
2706939,1
2706995,2
9635609,3
2707332,1
9235543,2
2824618,11
2707385,6
8880850,3
2707512,1
2707965,1
5439427,2
9636302,3
9636309,3
556003,21
2709301,1
1125633,2
9636800,1
2709511,1
9636941,1
9237443,4
9637000,2
654782,148
9637408,1
8303191,7
7136993,3
9011529,4
3531010,4
9637670,3
9637672,3
4167938,7
2711651,1
2711759,1
565141,5
2711793,1
2711804,1
9637824,1
628763,7
2712213,1
2712561,1
2712622,1
2712884,1
583005,1
1899107,1
2713216,1
2713337,9
6856845,2
2714131,37
118250,30
9638096,1
6535677,23
2714168,7
2714183,6
9638165,2
9638307,1
2714332,11
2714344,5
9638329,2
9638824,1
5593661,3
3274346,4
634287,3
9639217,1
2715104,3
914993,4
2715223,4
2715507,2
129151,19
1505158,32
5618374,7
9639510,1
9639606,1
461275,3
441677,1
9639627,1
2717404,4
2717479,1
1528102,5
9639827,1
9639857,1
630568,9
6997256,1
1052483,7
3191880,5
2717803,3
2717847,1
2717718,1
951129,11
2718508,4
1092272,8
2718601,1
1598447,2
9640729,1
2719718,2
2719680,13
9641063,3
9641129,1
2720867,1
787114,5
8973997,6
9641384,1
2721186,1
9641634,1
9641833,1
2721493,2
2721778,1
9000925,2
6582197,1
9642518,1
2762399,1
2762414,1
2322005,2
1814791,5
5309102,1
723780,2
5754511,2
9986,47
2763485,1
2763603,3
9642953,1
2654215,1
597189,1
4681607,9
8889080,6
614158,14
2764453,2
4958773,2
2764760,4
9643869,1
9643891,1
2765015,1
2283500,6
2765185,1
9644244,1
2765239,5
1098998,7
1208362,14
8864663,2
415439,12
9108607,2
1371991,4
47663,5
1656713,3
613523,2
1806375,11
1335106,7
2767315,1
9645128,1
7620070,4
2767485,22
2767512,4
9645195,1
9645231,1
2767539,1
1540684,6
633685,1
600996,2
9645680,1
2465007,4
2783184,2
784972,6
1855812,3
2767907,1
9645887,3
9645899,2
8809581,3
1015295,2
9241036,13
3433406,42
2323929,4
9646057,1
4209578,6
9646153,1
9646172,1
9646185,1
2774381,2
3098886,17
1217091,49
9646330,2
1426281,3
2768440,13
2768670,5
9646750,1
9646796,1
1696601,1
666419,9
9646933,1
5552812,11
9647111,1
9647257,2
9647267,2
9647275,2
1555231,5
1496741,11
1539723,74
9647431,1
8853375,9
655519,41
1781597,1
936627,2
1070834,17
9647869,3
787037,3
8920738,8
9035710,9
2770315,1
9648020,2
3374848,1
2099075,2
9648458,2
2597210,16
4168683,12
2770995,3
8909839,16
2771020,2
2771102,1
9648785,1
664030,21
852551,1
1896313,17
4967028,54
5496614,2
9648900,2
1370269,6
8963962,4
793034,13
9648993,1
9649034,2
1154678,5
7492084,1
1956026,1
101755,30
3575859,6
2772024,5
1145115,2
9649529,4
9649559,1
1682660,17
2772582,2
2690078,4
2772752,1
790759,5
1324002,4
9649962,1
2773490,1
9650060,2
9650142,1
6916902,4
6754136,5
504356,4
4535935,32
9650861,1
9650895,7
2887154,4
9651098,1
2775452,1
2192186,1
9651207,1
9138959,12
9652224,1
9652352,1
9652538,1
9652603,1
2776281,9
9652759,1
3934488,1
9652900,1
9653029,2
2720696,3
2776885,1
9653150,1
9653172,1
9653245,1
9653287,1
6732409,3
2777051,1
9161105,2
4894419,6
9653702,1
690371,33
3693598,2
1756225,5
2778996,1
2043541,1
6932060,6
734654,19
9653986,1
9249137,2
9654428,1
7361502,1
2779732,1
9654724,1
2780508,7
9654968,4
1234158,2
8140600,1
2921776,2
9655259,1
8782790,3
2780848,1
4867320,8
1089868,37
2781739,1
1011621,10
7249826,5
2782392,1
9655576,1
9655714,1
1670113,5
2783506,37
2783489,1
2783472,2
2783457,1
9655751,1
3127282,7
2783799,15
9655827,1
1739245,2
9656044,2
9656098,1
8866531,18
9656232,3
1675777,5
9656667,1
1164946,13
38514,7
2784468,1
2784483,7
9656841,1
7794742,2
9656869,1
2784614,19
9657023,1
9217553,2
2784959,1
535441,1
1834616,1
782503,1
709639,2
8918559,5
9168120,5
9657693,1
3408504,10
9657779,3
2786367,1
9657860,1
9657934,1
5792132,1
1483372,3
9658162,1
9132489,3
9658248,1
9658289,1
4513382,2
2787136,1
9658610,1
387908,103
9658788,1
2787362,1
7559207,1
6537707,35
7046513,5
4775598,1
9659409,1
111695,9
2345317,6
2787853,1
2787888,3
9659485,2
9659501,1
720718,4
816750,3
1587277,7
2788088,1
9659672,2
8814042,41
5475278,3
9659867,1
3381766,14
9660028,3
83139,1
743896,35
9660147,1
8804393,4
1438306,1
2788383,4
1662862,4
2788567,2
4715906,12
9660290,3
9092305,7
3470331,2
5604427,4
1235577,13
2788969,1
148929,2
4559609,1
1237123,9
7044445,2
2425330,7
678108,8
665813,1
1971714,1
1286759,7
9661263,1
5543182,2
3296416,28
2789488,5
9661496,1
2789600,3
2789606,8
2789705,3
2605114,2
2789614,2
2790111,1
80524,9
6694079,2
1161861,2
2790362,1
8341220,4
9662082,1
9662102,2
2791189,4
9662139,1
9662242,1
9662373,1
9662576,1
1491632,4
9663098,7
2791523,1
2791575,1
9034137,2
9663203,2
2791754,1
4674634,3
6761107,6
9663383,1
915627,12
9663804,1
9663815,2
9663861,1
3309159,6
9663912,2
1346900,2
947184,37
78530,6
2315647,2
1156977,77
68898,3
1032528,5
9664429,1
9664510,2
860029,65
561338,2
9664566,1
2793497,4
2793881,1
6863441,5
9664798,1
148645,118
2793970,1
736016,1
9664932,4
1210681,200
788538,9
9080476,8
658691,3
2798025,3
1063829,7
9665207,1
9665211,1
9665349,1
5474108,12
4097641,6
9665449,1
9665482,1
2799665,2
8730389,1
9665934,6
9665974,1
3119934,6
9666184,2
1370996,3
8833945,8
9666277,1
2800903,3
161132,2
2801225,2
9666489,1
9666552,1
5842204,1
443093,29
1850004,49
4814143,4
2803421,1
4787735,7
9666869,1
9666943,1
2803598,2
1061456,3
9667372,2
9667396,1
2803730,2
9667502,1
2803890,6
5408357,2
2804071,1
3217424,2
2804212,1
9667646,2
2804398,1
155968,15
2804733,2
9667904,1
6641168,2
9668020,1
579706,22
2807595,4
2807643,13
3367537,9
9668619,2
9668866,1
9668883,1
299338,19
3320274,3
3362496,16
9668958,1
89179,8
72507,2
2808384,1
2808412,1
9669104,2
9669116,7
4960764,18
8811788,4
2808985,2
2419291,3
9669486,1
5387992,5
9669656,1
568775,2
9669878,1
3067030,9
2140160,17
2809694,1
7622800,462
9670268,1
2809889,1
4002795,6
4535905,4
523455,19
1061428,15
1175014,12
2810441,1
2810488,2
1570969,1
2810961,4
9670729,1
9670756,10
200095,3
20389,21
9670818,1
454519,202
2811491,21
2811504,4
628501,151
950311,16
1379972,5
2812202,5
2812346,3
9671119,1
585545,8
9671178,2
2814148,6
2812762,5
321860,1
9671371,1
7476501,5
3469083,13
2813245,1
9671719,1
2813780,1
1442008,3
9671831,1
3240663,1
596907,1
9672000,1
2813983,2
2814041,1
9672184,1
2814508,1
9672250,1
568293,6
9672491,2
2814723,1
2815020,18
9672692,1
9672844,1
3050524,3
8908099,13
1064129,9
6726146,3
2816329,1
2816336,2
2328942,26
2816477,143
9673715,1
2816665,1
4234113,1
9674060,2
9674140,4
8973683,2
9674265,1
2255009,3
8831725,13
1752912,91
2816902,4
2816974,1
9674530,1
2817075,1
2817315,7
9674641,1
1905480,5
9674789,1
9674856,1
2626512,1
1023802,85
9675467,2
72677,34
2819156,1
8856105,6
9675747,1
9675762,2
2819879,2
1487103,11
3432315,33
9675894,1
4345489,4
8951158,8
8792458,7
9676341,1
9676398,1
9676611,1
8816545,5
2822345,1
9676790,1
2822586,4
923075,1
9264946,6
2822986,1
9677161,1
2823292,1
2823335,1
1307728,3
224810,8
1959928,6
2823481,1
2823551,1
565624,12
2824015,2
9677588,1
5502887,1
9677862,1
5387817,2
9259312,5
2824979,2
2825309,4
2824943,2
2824973,1
2825657,2
1504272,2
3032695,6
2825557,1
2825820,1
9678081,1
9678142,1
2825853,1
796919,6
2826015,1
4088834,1
9678316,1
6783072,3
2826240,1
9678463,1
9678550,1
9678649,2
2826560,2
292117,2
9679128,1
366009,2
1528609,3
1611713,1
9679181,1
2827033,3
8949096,5
8918789,5
6766497,2
69598,2
2827454,2
257825,14
80540,9
5986291,8
9679483,1
7250919,2
2916497,1
2828106,2
9679973,1
9680134,1
8931811,11
9680786,1
9680810,1
6170020,2
9680860,1
4553073,1
2829303,2
9680974,2
9681005,1
2829339,1
3439222,17
2829366,2
9681117,1
2829565,1
9681173,2
3937412,8
2829775,1
1223037,14
9681318,2
8587309,2
8854924,7
1342208,7
8854950,10
2829860,1
7015167,1
2830113,8
2830082,2
9681894,1
9681915,1
8975365,14
9232377,6
9682061,2
8736300,4
9682231,1
9682302,2
9682355,1
4010574,2
2504546,8
9682653,1
1339306,3
2707897,6
9682936,6
1220677,6
9682992,2
2831645,1
2831735,1
2831883,1
3500335,16
2831956,1
9683169,4
1635363,1
5721061,10
2832365,2
9683611,1
9683719,1
8992732,3
4583570,2
9213469,2
2832824,1
2832852,1
9684122,1
9684181,1
2832985,1
7219174,8
7221712,1
8002653,8
7141975,8
9091671,3
1821865,5
1157639,4
2833896,1
9684683,2
3352623,3
9684905,1
845354,3
2834986,1
9685177,1
9685181,1
2835069,1
2835061,2
9685659,1
1715852,8
9685715,1
8250649,2
9685730,1
1767673,8
4183451,8
4897947,1
2835603,1
9685963,1
9686004,1
9686088,4
2835602,1
8994154,11
9686202,1
2835724,1
9686290,2
128128,5
2835818,1
9686653,1
1047388,3
7179549,6
3323429,20
9686919,1
9686968,1
5438262,5
9687060,1
655996,4
9687266,3
1521024,5
9687400,1
482872,2
9687435,4
9687441,1
836268,2
9687542,1
9687562,1
2836402,1
1694196,2
2836654,1
289196,9
2143833,4
9687828,2
9687844,1
927681,3
6550885,5
1784804,8
551212,25
2837531,9
2837646,1
9199043,6
9688439,1
9688498,3
9688533,4
646180,3
9688634,1
9688780,1
9688906,1
9688968,2
9689034,1
8873444,5
1193407,13
2838605,1
2838613,5
9689218,2
9689235,1
9689294,1
8401438,4
6727707,2
6727775,6
3380571,41
6727826,1
6727601,1
1499994,79
4391012,7
6727987,3
4188999,39
4708348,22
4684541,22
4646813,1
4881944,29
2889952,27
6601950,3
4189993,25
4867723,19
6728055,3
6535144,45
1976852,54
1816781,22
1432471,1
38369,71
6728161,11
6528768,52
6728208,1
3484793,12
5500613,63
2511659,42
3355773,46
3913274,12
4875597,38
444252,21
3098012,12
3353879,23
6728248,1
199810,50
242458,29
1614397,77
3345920,18
2109197,25
3381116,51
5047839,23
3583194,38
4230038,57
6728518,1
5804360,23
3785708,28
3920674,40
3223535,26
6523427,13
3384023,21
2538434,3
6599168,14
5044301,230
6728643,1
3088192,58
4193483,22
3429646,5
3062416,854
4191622,17
2384308,23
6584651,43
1500946,18
224701,24
4700837,41
6619904,11
2872169,61
6522404,87
122072,13
5475493,64
5665560,7
1817326,5
6860,55
45173,130
929771,70
1068222,14
440128,37
4876283,44
3366232,42
72226,293
1314446,131
4113880,18
4193382,15
3928192,7
3388905,55
268577,226
3563824,83
3087814,86
5737792,3
47393,16
6729267,1
3253319,36
3331312,11
1440891,33
1508355,103
547012,195
6729343,6
243608,4
4414809,41
3389210,50
1587927,95
3093940,1
1924034,39
1630894,28
6532208,8
3247474,41
4503501,8
6729452,4
1214263,191
5475507,5
6628309,38
3062381,107
3100088,10
4936677,18
2959844,71
5743003,11
2423979,50
2863979,21
1073756,184
676858,36
896741,7
4693520,38
6729682,11
1503718,131
536407,86
5479603,72
4194393,108
1008324,102
1516301,126
199439,26
5446762,45
1319212,70
2187103,77
1292718,9
5715095,44
4857499,1
3998232,23
10623849,1
726768,7
2094423,10
3143334,16
3175868,4
3335039,11
8970419,31
1294839,141
3577803,11
1583552,12
6731094,3
4414866,123
5988262,18
4801602,6
6157676,1
10624661,2
196646,11
4624892,8
2763760,66
10624695,1
4964684,39
6630659,14
2826815,7
6532093,13
3249795,28
455932,17
4192622,21
3899572,12
3725163,45
4408674,75
2904795,103
6528832,61
6725414,11
1314263,100
1455627,45
2885086,3
983308,56
5332104,67
1484659,100
6728640,3
1590864,8
4197268,112
5891385,34
268512,130
4810305,53
6729745,7
4628415,6
4457031,6
929137,61
7134663,1
10623944,1
10623978,1
1704596,3
7110232,5
6731103,4
4191475,5
10624250,1
6229556,5
4693422,25
5804198,24
1715025,56
3278181,107
6526982,69
2883961,153
6731708,2
1506196,51
406235,1562
1870328,76
6589520,10
217247,101
3384739,75
5887985,12
4416643,33
4193078,60
5335128,9
1498832,74
1955273,76
195804,58
10624773,16
3225074,29
6619891,24
1576295,55
2456442,98
218032,111
8925813,52
4193082,65
1314130,77
3065608,19
2994251,8
3360069,33
2694974,29
3393649,7
6538371,98
6539332,38
4866831,49
3388778,30
3238422,38
4190068,40
1463169,59
16332,53
4676920,7
1517405,117
6539440,20
1534532,18
4141520,96
4231124,27
6530,133
6732297,12
6686859,26
4106517,37
985439,17
1701951,82
6555650,31
4389122,55
9233017,42
6732544,1
202868,51
404445,27
1751018,45
4231420,25
1505574,4
110208,27
1516115,188
3404559,38
4196683,35
6574868,27
3085550,93
3389324,160
4106723,55
2898000,22
6534075,6
3097513,19
2720706,6
10066082,3
4494923,9
381075,33
6709663,2
1287186,88
2906233,41
3390482,42
1412178,14
1756750,12
4121877,29
1504618,809
3334027,30
1292697,53
1193162,4
4181031,61
1588560,31
52685,16
3386985,33
4198698,6
2457190,28
293112,66
671765,87
4411296,20
2168192,35
1508425,167
1980522,46
1508350,101
4409375,33
6849102,3
3392364,35
2659610,8
3388870,35
3256715,22
2807981,11
6734002,11
5738342,17
620377,28
674127,38
3163777,4
2821340,10
2821351,16
1568894,38
18813,9
4173794,4
567431,22
4415526,11
4412287,7
3359586,115
6734173,4
1613089,17
4137348,32
954944,32
4190171,38
6734618,6
2697693,27
2450890,1
973047,2
6735155,1
10416255,2
6735114,1
6735405,3
433447,60
1035901,9
5911579,1
8301383,2
1368211,1
3020800,35
267227,10
3146876,62
6735577,1
121068,46
4529071,6
2521199,46
117077,20
1166823,2
4106061,96
4159817,109
6532358,26
3237118,16
6564932,24
3278186,102
4230073,45
1584573,12
7449343,7
6735916,1
657783,23
8036735,1
8601711,6
4627328,26
3387197,23
2313304,21
4680000,473
6560146,5
3391763,13
4124337,20
6736108,3
5979389,2
2872514,10
3579766,8
4412778,40
4412619,61
1514219,26
6559562,9
9184,25
682237,85
3163873,52
7916,21
3102830,18
1580808,85
432742,3917
4412470,16
2561182,13
6838755,3
7187905,1
10627233,1
55393,86
4190340,32
3430668,42
4229298,47
5890177,18
5479139,36
3014953,68
8353122,1
5334096,5
7791264,2
3379952,10
378826,1
2368043,1
6588187,2
1127564,2
993899,1
399523,6
4212060,3
6737401,2
3237117,57
387826,5
1007449,7
3381572,16
3910169,20
6637331,2
206706,34
1171148,23
3225751,2
4691537,32
6602425,9
3097231,75
2748405,1
3333256,40
6737628,5
662941,4
6738212,3
1226466,5
804135,15
55494,39
4198559,65
6737667,1
3292365,17
6534639,37
2869572,3
4972624,43
663366,19
5417620,34
6737970,1
5890164,11
4411579,36
6738001,3
4409566,67
2996243,1
3254536,7
5366568,25
7189,17
5492480,27
4413757,33
6738263,3
4389020,20
1072865,50
1324337,11
3087685,12
3281408,3
1140692,5
682298,2
10627761,1
213306,7
6738933,2
3404344,3
10627896,2
10627900,1
4890737,11
13382,11
6576364,14
1509537,79
3384728,35
10628234,1
2153443,5
6686426,2
1509004,53
1501674,43
6739462,16
2108820,29
117969,29
3389567,77
268377,70
121060,69
1167951,34
664909,42
2771795,72
2871906,113
433431,64
7056,19
4408737,19
3345457,68
937648,44
5476400,65
1701906,82
1509476,88
5592753,4
2054163,12
16825,29
6739953,9
3473748,114
1215682,2
3061845,63
618054,6
3914609,27
1223068,42
6861686,6
3471661,3
5878378,1
10628527,2
8973935,8
2981580,19
5744895,11
6740295,1
1382935,49
604298,33
3098426,45
1548008,11
1578902,68
3496319,3
6630139,4
2456902,2
4220833,24
6569126,32
6626609,13
729348,32
591546,36
1890203,20
6629854,5
4189460,47
4675357,11
260633,9
2155130,16
112861,17
2902907,69
1501451,61
4441660,32
6630789,20
5735956,35
934397,141
4860623,26
4189527,49
1327321,50
4231361,103
6583701,39
5417989,27
6630997,5
6557895,15
2898268,20
6629194,46
4966396,35
6526219,45
5045789,26
3091643,22
3332478,52
3368621,33
4188947,15
4495028,42
4230631,20
6635980,13
1237990,64
4192624,43
4231430,29
2825339,37
3554086,19
411424,24
6631691,29
1844394,27
787889,11
1907049,37
6599072,20
4193976,31
3239461,12
794568,36
6741780,4
433353,53
10628803,1
7411538,1
300852,4
1667275,2
5716572,2
10277299,2
10629180,1
10629233,1
3343795,2
996556,10
10629370,1
6742764,1
6742714,1
3064778,2
2154904,1
4015041,1
1145673,7
7181937,1
6742801,1
5992990,1
983238,12
1720506,2
4106205,17
6743135,2
2972626,9
6743292,2
7939331,7
10629851,1
1537117,7
5405967,4
5464247,3
250482,5
681362,67
6744693,1
1693878,6
1636109,9
198846,15
1714999,13
590560,17
6745598,9
6745671,1
6745667,1
1438550,18
6746058,6
5993561,4
5471987,20
6746178,1
6746278,5
6746372,1
3900522,4
2677674,1
6247809,4
4409332,17
4233043,8
6748365,5
657984,14
6530281,40
10630111,1
10609235,11
1656921,32
2883743,87
2514697,15
4207329,39
941107,3
5467766,1
3482758,16
1354474,7
1496218,36
3381063,14
8314945,4
3204489,15
3561716,5
978083,12
894812,10
265436,4
3925384,18
3905258,35
792769,89
6749600,1
2898125,22
3897515,31
5804177,32
4696894,19
3353479,13
6749769,6
6749795,5
1415738,35
1013865,149
47308,26
1444227,8
3281424,25
6750102,1
10630611,1
5398097,25
6552090,10
937957,39
5361005,10
6750308,4
1590126,58
5480276,3
10630702,2
1818482,28
5479442,41
6872688,1
6533863,7
4716095,370
4585240,15
1976646,8
5707503,16
10631047,4
1436127,23
5567094,21
6751037,11
562210,13
10169315,5
453378,14
10631064,7
1778358,11
1456761,6
121217,65
2984364,12
1482018,17
6751287,14
3407711,5
1049007,21
589915,5
3341350,4
6751346,7
5724614,28
6751383,3
4681073,6
6617305,10
6751438,4
6751463,2
1601231,2
6751433,10
7287694,8
3689887,8
2166048,3
10631106,1
6751478,1
10631156,1
3509758,9
3474285,21
4226512,19
1554255,10
1516195,7
403558,8
6751603,16
10339227,2
6751621,4
1928599,28
4413943,30
1526826,10
3019406,7
952989,50
6552138,30
6751772,3
3050371,34
1003960,9
6751840,2
3470454,13
10631427,1
2993513,21
4725051,8
3831672,1
1499910,12
4390532,29
3250020,16
4810293,30
3837593,3
6706694,9
6524464,21
3473481,40
5550782,45
1798650,8
2620243,8
645700,1
1721447,3
1911678,5
6752200,8
4165739,3
4881983,31
6752253,9
4391378,29
1501608,19
6584842,21
2127931,8
6752399,1
983645,17
1457804,19
2765702,27
10631524,7
655380,96
4193295,35
10631528,2
4194186,43
4675460,29
3332425,16
2793666,13
5592444,32
4409645,40
4081918,4
1159126,22
6752775,2
71899,823
3102883,8
1511233,10
3391994,16
5665533,1
10631654,1
4503460,3
10631810,1
4229709,11
4586941,7
966119,3
6630635,44
3311105,1
2038530,1
6697464,5
3344873,6
6753952,1
4079030,2
1886045,7
1503874,43
3097471,14
2067938,3
10632341,1
2827176,4
1114056,4
6754595,1
6754692,1
6754727,2
4495270,1
8573973,27
1381719,21
6754764,3
3236381,8
3224750,14
6754935,2
6754975,1
91837,4
3333835,3
6755025,2
6699324,4
6755097,1
4503306,2
711914,4
3361052,41
1297518,30
6755293,1
3994139,6
2054199,27
6755557,2
543762,17
2957758,10
5618107,8
6619740,3
6756448,1
54457,6
1512621,4
2517860,4
649647,24
655577,31
1510008,4
1197708,11
6756709,2
1748089,25
5335071,26
3390774,11
1293544,26
4837667,9
7256461,1
1016553,35
1228950,6
1353517,57
10632493,1
24488,6
1898294,51
1825737,10
3222765,1
10632503,1
6757094,6
926849,28
2455287,24
6613969,8
3120038,11
3381905,30
4488955,28
5366205,58
10632526,1
6713470,9
3111449,4
3020783,9
3497418,31
6613416,16
1187709,2
6579504,11
3120429,6
991047,16
717605,12
28300,4
1007464,59
6566093,14
3382760,29
3258907,3
6758169,11
3380722,8
6758024,1
6758214,4
4448910,5
6555422,17
4189010,17
1155982,30
3061166,9
1818403,20
1420300,28
6635830,12
5833874,9
5473909,20
432628,15
10632601,3
6758719,3
2948242,4
5737443,6
3702075,5
6758954,7
6759037,1
6697459,17
6759274,5
6759215,9
3984839,10
654582,22
6635222,5
3296263,20
2684346,1
6759803,1
242888,14
7047,1
6524384,44
1379080,9
1542585,5
3123693,17
6760686,1
1332065,11
6760692,4
6691219,11
386122,5
6760721,1
4389040,13
6760889,3
6761155,2
2144582,7
3717756,1
1607589,9
4892108,22
5963809,7
970325,33
6761323,2
5364190,7
4870128,1
584673,9
1744126,4
8297026,2
6762091,1
6762285,2
247644,1
6762415,2
69600,17
10633137,1
2453472,1
3458330,2
6632817,5
6763094,1
557493,3
8682670,1
10633556,1
5718599,8
1753420,15
6763406,1
10634121,2
6763801,14
8518595,5
10059332,4
10059365,6
1288261,39
116817,33
6763912,1
10634739,1
7795920,4
10634906,1
10634912,1
10634965,1
10634978,2
9873408,2
3525501,1
10635074,1
10635124,4
10635169,1
6764146,1
10635275,1
6764173,1
274193,8
8915619,2
585469,38
4851593,19
6764386,1
2674283,16
5970036,10
4229405,32
3097219,32
10635469,2
2483654,7
4499569,2
3066175,40
2548,30
1140283,37
4792432,16
10635674,1
4999041,54
6535752,67
5478282,14
10635905,5
10430465,2
9961198,3
313085,1
8764639,4
10636150,1
6765588,2
4473105,3
267630,11
6603257,3
5439258,5
10636584,1
6056826,1
10636644,1
10636738,1
5389452,2
10636961,1
7614505,10
10637015,1
6765845,2
6765862,5
10637182,2
9834066,4
6766003,1
10637335,1
6765961,2
10637416,1
10637527,1
10637553,1
6766235,1
210477,4
8798512,4
231281,2
10637855,1
10637909,1
1351586,3
3307979,8
6767063,1
609631,3
3230104,7
1532812,10
10637962,1
5886411,6
1199645,5
3419498,6
6767917,1
3376139,1
1429794,1
6768910,1
6769003,1
6769071,2
6769466,1
5417863,16
10638035,1
5863922,1
10388760,2
4178943,17
1332817,19
4869670,11
6770050,1
6770081,2
5736763,18
10638365,1
6770259,1
1503243,16
1512102,48
8554,13
1514939,15
5848590,3
4869502,6
6770592,3
5769731,5
6770744,4
5958680,2
649005,42
4625868,21
507465,28
4879525,7
5048061,12
4863333,27
3576424,33
2687175,19
1614336,10
1305076,3
3383868,10
4465840,12
442604,15
6528614,34
3153221,7
2982701,13
4388691,26
6771177,1
10601406,12
4001097,48
4189466,33
6771323,7
2959088,35
6771407,11
594561,5
6771428,4
1713240,7
4192011,14
6725191,10
4793560,25
3204724,23
6758899,10
2892135,32
3362721,30
6583521,21
3025385,7
6634061,27
6815219,3
3384679,37
6725679,7
6771935,7
6771979,6
6772015,4
636393,46
1218719,14
4060239,8
629488,11
8409082,1
6733701,7
2270236,8
629694,43
1950973,37
6772599,7
6772621,2
1720292,4
3332491,11
6772826,2
10223654,6
3166975,3
1738068,15
6772920,16
6784667,16
6773080,4
4114792,7
6535259,4
3191525,35
6773242,5
6773310,3
1049594,10
6773476,11
1090561,29
4189818,19
2416337,26
4195556,12
10638978,2
4635127,2
8037161,3
10639336,7
6774231,1
3800676,2
10639544,1
4185797,3
6556229,5
6774121,1
4509753,2
3318949,237
5261358,2
6556236,12
3908315,3
10639812,1
10603735,2
6774250,1
6685079,15
470981,3
10639983,1
1631684,2
4489112,2
6774223,1
6774539,1
6774767,4
6774793,1
93672,21
3095433,2
6774888,1
2135460,21
6774923,1
10640117,1
4511062,3
6775145,4
6775246,1
6775385,3
478179,2
6775360,1
6775434,3
6775498,2
1186424,16
8170274,1
6775688,2
6775655,1
6775755,1
6775770,1
1560156,3
1656774,13
6775841,1
6621651,5
3380708,6
5562660,9
4502505,3
1631683,15
4797732,5
3574158,1
4523826,8
4181372,3
6776486,1
3240182,4
6776653,1
6776665,1
6776757,2
1387530,36
624633,11
10640291,1
6776930,1
6249163,2
6777025,1
6777074,1
4474442,3
6467591,2
2109388,34
5733703,5
4476626,2
6777542,1
4995426,7
4980670,1
6713284,6
3941839,3
5328054,1
1208039,6
292062,5
611470,12
1664179,2
6627692,9
5795908,1
428188,1
6778496,2
3581167,4
2764915,24
4202477,1
3578304,4
6778617,1
2264129,1
5516297,2
1522133,25
1466527,5
6778875,1
10640579,1
6778857,1
10296802,2
6602374,3
1521100,15
6602289,20
1438175,9
2621658,9
6531451,7
6779139,2
5386272,12
3939783,12
3279425,30
5472760,24
3266615,57
1017585,18
10640713,1
1050819,25
5796784,2
4137308,7
1566630,21
589878,4
5477125,3
1214477,18
6700266,6
1891911,12
1223010,15
2955951,14
4008829,8
6726320,2
3507541,19
121086,21
3456279,3
934557,25
6781020,3
641423,29
6781168,3
5684305,2
930945,4
1223070,10
6781324,4
2777761,3
5798119,6
6781519,3
4318592,5
6781708,1
5689517,2
8490704,2
6781795,4
2709359,18
1525052,17
5493381,19
4571176,2
1386804,36
238729,10
6781919,1
3473471,46
6781965,5
6782081,2
5741801,9
934645,27
4695214,16
4492165,1
928560,13
6782278,11
5517714,19
5459612,1
6782345,13
6782363,2
6782412,1
10641298,1
127171,12
6639605,1
6590142,23
6782614,5
1904004,5
5013773,2
10641395,3
3283615,17
6782991,1
3474313,5
6511280,10
5041852,4
5595968,2
806551,5
2404907,3
2249240,10
6783763,4
1556202,12
6709971,15
10641700,1
1530527,4
9944151,6
5599890,9
5334680,27
6784064,2
3199938,2
6784085,1
4281070,28
4499328,8
925421,6
5913292,4
224614,10
6529119,5
966364,7
10642013,1
7890088,1
6785073,7
10642243,2
2648782,5
6785274,2
4194044,649
3065666,11
2953186,7
4709673,5
1740079,13
6525901,24
4410002,9
1239848,12
914378,10
679166,2
3396040,9
10371852,11
2309711,17
3087620,28
6785857,2
6602643,10
3389180,26
3400908,19
3350750,18
1437235,16
6786529,1
4324677,1
10576178,2
1526167,8
6786759,2
5334488,4
4235739,2
4229988,32
2993990,13
2321015,14
10642597,2
6630419,17
1059925,11
2288608,17
6787284,1
6787290,1
1553284,31
1896394,15
5890373,30
6522674,9
786035,3
93501,2
1057909,16
233811,9
3220956,3
6787825,2
6787819,3
1167902,19
6787910,1
6788011,2
4151213,3
4194885,12
6788213,4
5877847,3
5718123,2
1173569,15
4195430,4
3371445,9
6788294,1
4397226,63
913116,1
10642826,1
3014646,6
5603595,2
10643242,1
10643297,1
8459794,1
4399225,1
4226088,12
8525863,1
4080840,2
3301260,4
4565513,14
8745310,5
10643907,1
10643928,1
10643954,1
425814,8
6606854,7
10644012,2
8042433,1
7571117,5
10644117,1
1526770,13
6789755,1
1712494,2
1185581,17
4892365,1
6789947,1
973870,11
1291710,41
4867894,5
6626292,7
6425285,2
6790576,3
6790592,1
6790626,1
2127973,1
6790730,2
1292349,25
2606232,1
4233521,3
3065738,4
6791034,1
1800405,20
3457564,2
4195105,19
4410971,10
1606841,12
4196702,11
6791427,3
6791461,11
3305724,9
10644320,1
10601709,23
953211,3
10644383,2
6791805,3
4714598,5
5290086,4
10644437,2
3502244,5
1816775,9
5463979,8
6791839,3
656733,21
7457,26
4645721,1
3495661,4
6791990,1
2839517,33
4199603,4
2563702,3
3886216,6
2844129,2
782726,13
4411560,21
1167928,1
6792374,1
6555391,10
601710,8
601702,32
10644637,1
394300,4
10644712,1
2378415,11
5080246,1
4643040,2
5334067,5
6792565,1
8685013,2
4184012,15
6792859,1
6792869,2
2058814,18
4441405,13
6524876,6
4229820,14
6793166,2
1222720,5
3414707,15
6793373,2
261956,8
6793551,2
6793606,2
6551071,4
6625060,10
6793414,2
934189,41
3330592,28
111368,9
6793935,2
6794001,2
6533742,59
3737,13
933813,7
7413923,3
1041128,45
998081,21
3912438,8
1503524,7
4505353,10
2788125,3
266175,8
3990192,3
4181894,3
6794853,2
4441416,2
6794977,1
6795059,1
5567940,2
5968712,2
4441366,14
591563,19
546772,13
3443520,5
6795154,1
6795369,1
3471852,20
1818326,8
268452,33
6795619,1
4985508,3
5733228,143
2046358,336
6795953,3
6796013,1
3286213,3
6796188,1
570177,1
6099444,1
733151,16
4899205,12
6796331,1
55064,13
6796734,2
6796870,1
6796825,1
4217735,5
3578120,8
3905413,15
6457110,1
1458478,2
3240165,1
3103704,7
607247,11
6797369,7
3574126,2
4218223,8
894807,12
4217535,7
998213,8
6800242,1
6800021,1
6797883,5
6615074,3
1367318,47
3574076,17
4177194,5
6515404,4
981509,17
4849836,9
4510502,4
76205,10
76116,4
6798690,2
6798753,3
938263,12
3240343,5
6798937,2
5012347,4
768439,21
6799383,1
6799360,2
5685549,6
2046659,1
3383063,9
6799483,1
2885463,16
1543632,2
6799613,1
4245609,2
4274308,8
6799706,8
5723920,2
6799803,4
6798337,3
6798222,1
4189948,26
6800078,2
432869,2
6798465,1
3173611,7
3238039,8
6800683,6
10645156,1
5350823,8
8256753,3
6933726,8
4688797,9
4398909,5
6801225,1
5906166,4
3163758,16
6801300,1
1913856,4
7076134,1
10645257,3
6801405,2
4978315,7
4137297,10
6614628,2
5284454,1
1505633,8
6801773,6
97459,11
5887440,10
4147874,4
4531722,1
997236,22
4861190,4
1091002,1
6801920,2
1486997,22
979888,4
410033,1
5478178,19
6575669,4
1514016,9
6802157,148
6802484,2
5727771,1
4718508,3
5617269,4
6802591,1
7636228,3
1335817,2
5901455,1
6802829,1
10371559,5
10645611,2
5616070,8
10645636,1
7114936,2
7113793,3
4720830,5
5615175,3
1083083,3
627730,11
5615121,6
10053527,4
2273444,4
10645915,1
5544415,3
5685344,1
10646004,1
7347470,1
10646028,1
10646056,1
1160648,12
10646113,1
5360368,2
3593142,7
6103918,1
6889612,2
10646210,1
10646267,2
359377,8
3042304,3
10646311,3
6803404,2
6357543,2
3068349,1
6370846,1
10454947,2
10646498,1
5818814,3
10646709,1
460848,6
6803653,3
10646900,1
6803689,3
5478509,4
6803767,2
4278323,10
2523824,11
10646966,1
10646968,1
4476319,7
2249977,10
4012917,4
7067496,4
3227247,11
5797504,2
4386706,1
3307580,3
6804314,2
6706539,3
1554019,6
959029,6
2668660,2
4484431,6
2324002,20
2046833,18
89228,7
4190658,2
4188379,10
6644349,7
3098844,14
1786628,4
573289,7
6635793,7
4866414,3
6805397,1
5884845,4
6805267,2
1872062,4
1733934,1
1909365,12
901732,22
5398942,36
6528772,9
212503,4
6805583,1
952866,14
6805602,1
3152416,4
3576720,22
4049759,7
3195997,4
4835221,11
6805821,1
6805847,4
6805904,1
6759237,3
1011636,5
5490496,4
6806308,6
6806386,1
10647255,2
4197019,41
789622,26
8815513,7
5883902,86
6807154,3
6807250,2
6566169,8
5734248,19
1664612,5
2427635,10
2049989,9
6556600,1
1436098,8
4907705,1
6807675,1
2220378,6
6807853,1
1437002,29
1458150,8
6808395,7
6808266,1
6808486,2
6706713,6
4209466,3
1497841,26
4189770,4
1034795,4
5966807,6
6704086,2
3347587,31
6809671,1
4693399,10
6809829,1
6809815,1
6636151,13
6809906,13
789170,10
280840,3
6810105,8
6726493,6
4408810,4
6565865,20
5664512,7
1553274,11
2692010,16
6810501,1
2825375,8
1852713,2
6810681,1
6810676,5
6810705,1
1750053,7
1682810,15
6604907,15
2687268,10
3393220,12
10647437,1
6573656,4
4628941,5
415093,19
6901846,8
584802,13
5939922,4
1696198,7
1173757,6
10647565,1
3349236,15
4080841,12
5477364,6
250581,11
7070655,6
4415227,4
2276186,17
2510873,30
4391693,18
4861297,10
556910,4
1569056,8
4415622,18
1513472,23
7386402,5
8450244,3
1509753,30
6561315,9
4416329,10
54583,11
3389756,23
4415863,30
1392072,8
7407019,5
1698551,6
1514177,6
3379484,13
4325780,3
3369276,10
3391299,9
1507784,29
10647831,1
1679840,26
4797219,7
2487983,14
5335341,8
4700446,16
6609545,5
4526838,19
4417485,19
6690539,7
1490805,18
4389402,10
1509174,17
4129901,4
3111129,4
10647932,1
8588001,2
1706859,21
8873021,3
10648173,2
6545885,2
10648310,1
10648467,1
6614970,17
6811717,6
1220276,7
5834067,11
284977,34
1832582,6
6883377,7
1305774,6
1053294,7
213801,4
5731017,3
4802748,2
6883932,7
6812128,3
3151805,3
10482333,2
156326,4
1305856,5
3999989,6
4459329,7
4170666,7
5720701,15
4182311,4
6812398,2
5731923,2
3476110,12
4791260,3
626592,32
1676592,9
2972944,14
6812671,1
591797,8
6812771,4
146380,3
1547543,6
1057181,24
5366174,3
129160,31
221995,3
5734980,6
3284405,9
8408047,2
3411271,7
926369,20
6813342,2
4957706,14
1682522,4
6506174,12
3084138,7
4830720,4
864648,6
6813651,1
4181830,4
10648759,1
6200200,1
8408204,2
10648870,1
7493622,6
1675965,14
3978725,3
6629574,4
5418006,15
565036,41
5476295,11
413130,2
4138349,4
3333248,2
6814385,2
10649271,1
6539805,17
927779,20
1748583,12
1166621,7
6814739,1
3135942,6
3383287,7
3224487,26
6814924,6
6630711,4
3045408,1
5904367,30
6599897,21
6701054,7
2434607,8
3083371,7
6772374,5
4231170,16
1148144,9
6816111,2
1209940,15
2078327,21
6816259,1
6765220,5
6621019,10
6608062,10
10649558,1
7062717,8
2119159,3
10649757,1
10582615,17
7087248,1
6816776,2
1458270,2
10649863,7
10649938,1
10650099,1
6817032,3
4248056,3
6817081,2
10650251,1
491981,5
1105983,3
995001,9
1103895,3
491214,4
490068,1
1758901,1
4913376,2
6818042,1
6818243,1
2449001,2
4218876,6
6818424,2
5798691,2
6818439,1
1758985,9
6817754,3
6758489,5
449183,3
425077,15
3830247,3
3225465,6
5799506,1
2948344,7
2905756,4
6818974,1
6819013,1
2790727,2
6819276,3
5802698,4
7111,4
6819418,4
4827993,3
5802975,4
4328309,6
584376,3
5803584,3
5804554,2
417599,8
6819865,1
582113,6
1412919,3
1603350,1
6819947,1
4828343,5
6820079,2
2823568,7
1184242,9
6618429,3
3032777,8
3565306,3
4713806,12
4162258,8
5778648,11
3343332,4
6820444,9
6820531,2
6820605,1
6820636,1
6820631,4
8957507,4
6607699,10
8957553,5
10346571,3
6632500,652
10650644,2
10650663,1
6821113,3
2889192,4
10650841,1
6511250,2
6586569,8
1644033,14
8363230,2
10651087,1
3503737,5
4168868,3
3368690,5
10651158,1
10651188,1
2137285,9
59430,51
10651204,3
6871954,4
8409959,2
10651324,1
2845208,24
6636609,1
3284434,12
1000626,4
529709,19
3257189,5
292463,16
4194576,4
4964871,11
6822401,1
5046536,7
3913615,10
6822501,1
6822528,3
6822530,2
3105386,6
6822549,17
6822554,2
17962,16
3128317,15
6822708,1
5935300,2
7212798,3
5589771,3
984072,4
627174,12
5978038,1
10651920,1
8355671,2
5668060,1
3263982,6
4412402,13
1753594,8
6823052,4
4185814,3
1336093,6
10652261,1
1692919,6
1793150,2
7947299,2
3104503,6
1335520,15
1562524,10
1297638,6
931488,2
4117542,5
6825308,1
6825352,1
6823418,1
6824260,3
4198121,6
2611073,9
6564042,5
2159046,20
6823708,10
1449848,37
1314234,11
6824573,2
1328133,8
3504660,24
10003079,3
6825190,1
6825342,6
1637871,10
10652622,1
833243,4
5911028,3
6825747,2
5915545,2
10652803,1
4957683,4
1688528,15
671941,6
6571200,4
10653317,1
6786062,1
10653384,2
628135,13
5769958,3
4703254,6
8549008,4
3282855,14
1351098,6
3106801,2
289278,9
1605640,15
6826731,2
1433104,17
1507296,4
6826872,1
6827132,1
6827191,1
6827427,1
1018429,3
6689330,3
6785801,9
3250432,2
10654222,1
9827006,7
9784302,6
6827993,11
1905487,17
660139,3
6828123,4
2620156,5
1585633,7
10115339,2
949204,3
10654598,1
8566235,5
580907,2
2365419,1
6832784,1
6833505,1
6833647,1
6833872,1
169985,1
6834016,1
4408507,4
6834199,1
6834168,1
6820984,1
6830626,3
18457,4
6830728,1
6830838,2
1656522,3
10310677,3
954651,5
9904090,28
10131222,4
9893265,3
9234286,3
1297119,2
3987361,4
630704,5
726689,3
6855565,2
1377035,3
1524117,4
2063759,22
2171139,3
6856189,1
6329579,3
6856548,1
2240486,7
656427,10
4558512,2
816800,2
997278,8
377904,7
6857600,1
6857654,2
6857780,2
10655664,1
10655689,1
10655773,1
8976828,2
1142461,1
6858223,1
4991331,2
6551006,7
6858518,1
7745614,1
796419,1
3268157,4
5506328,3
3894311,8
6184521,5
6858897,4
1251391,2
6858924,1
1080231,6
1994132,2
6859229,1
6859429,5
6859497,1
2903529,3
6859615,1
6859672,1
4772614,3
2877525,2
5472312,1
2673848,7
6860255,1
6557867,16
6860567,4
4529216,3
6860467,1
6557971,5
6902470,2
6860689,1
6860661,5
6860728,1
4071646,1
4571050,2
6861215,1
6857874,1
2145287,4
5517801,2
5769164,10
5346836,7
6861541,3
6861648,3
6861738,3
6861777,2
4529569,2
6861960,1
6862066,2
6862504,5
3500902,6
302343,11
2522786,1
4449268,19
1327038,4
5362466,3
1508831,28
4414528,19
1171362,18
8716807,2
4821425,5
7564220,1
5266309,1
7085610,5
6863992,2
10656420,1
8992307,2
9877991,5
4391957,6
10656476,1
10656552,1
6864278,4
6558607,15
10656569,1
6864289,1
6916844,10
3344039,11
10656639,2
5376109,3
435063,2
10296681,2
2069179,2
6865104,1
7072407,1
404709,6
813467,1
10656834,1
10656842,1
6864901,4
2363529,11
6864885,1
4198307,3
3037945,2
9136,29
4198312,11
2144651,14
10656956,1
5601511,4
8775117,6
10657152,1
10657206,1
9784565,2
10657512,1
2196677,1
4745355,1
677983,2
7375487,4
10657920,1
9080901,10
10658052,1
10658191,1
2040822,3
6865621,1
602574,2
443822,26
2919538,8
1196280,3
6866296,1
603759,17
3348276,12
10658721,1
1504687,42
7326252,2
7797075,1
10658823,1
1318991,6
10658883,1
10659011,1
1511655,13
6874801,6
6875679,1
2872621,7
6607333,2
3323170,12
2779355,3
1606485,12
6882133,1
6879313,1
2799500,3
5978132,2
7228732,4
3154073,6
4082614,31
4945176,3
7825179,3
9250301,3
5477227,6
937630,10
1692504,13
1953517,6
8397981,2
5788024,2
10659494,5
5721173,5
3377388,1
1706803,5
4941214,2
2429371,7
2492888,4
1665162,21
6582293,568
6882738,15
10659768,1
5809334,12
8253349,3
1293143,5
10659880,1
1288007,12
6917863,6
603963,12
4986603,11
3488438,1
10660170,1
4526384,27
10660384,1
5477598,7
6883072,1
3394437,3
5707970,2
7637413,2
3882914,6
6883439,2
139684,2
4180016,2
2090526,1
719216,8
4180785,3
19710,6
5823900,4
6884148,3
10660844,2
10660866,1
3296699,2
1306505,4
6411059,1
4182369,2
5731929,11
10660952,1
6885472,3
3486011,5
3469990,14
1349656,3
2456238,7
2620364,10
420449,2
2399594,9
4185310,6
2607986,4
1102885,3
4339445,2
1143926,3
10661427,1
2502144,2
10661459,1
5773595,4
3168576,2
8263614,2
154273,8
3220831,11
5733123,5
3924780,4
2403161,4
1472537,4
1472543,1
3528874,1
4997659,4
2019036,1
1048792,7
10661758,1
2866630,26
1579750,7
6887350,3
9738254,5
6505708,5
2866640,21
4219373,3
6887521,1
3626404,9
2967148,3
6887710,4
745509,4
2655675,2
5734396,8
3470825,12
2973205,6
2846917,6
3213700,5
1039933,7
4473898,4
5796116,7
6888130,3
10662067,1
3472059,2
3580430,3
6597548,3
6888725,2
5588318,5
4565940,5
275318,2
6888638,3
994118,4
71591,8
5736138,11
5613993,4
1613293,7
4003545,3
274079,2
3295592,3
3513262,7
622355,2
5613978,4
275310,2
4281039,7
332667,6
5616532,3
524303,2
5350242,4
3583211,2
3299987,6
5770598,5
2135602,3
2897886,22
6628529,8
4489101,1
1497965,32
4212364,8
2302718,2
6809127,5
10662478,1
4219051,2
7582406,4
8716061,2
10662641,2
10662646,1
10662654,1
2047273,4
7382675,4
10662787,1
3852763,2
7068478,6
8602101,8
5816648,11
10663000,1
1682773,19
1086592,17
7257548,7
10058824,5
10663138,2
1184005,8
8564679,1
8039125,2
1291621,18
5803553,7
116296,10
8294834,6
3549996,3
7288229,9
6841086,7
1298612,12
6913442,3
6897847,2
6550237,5
3361070,5
1603319,21
4195321,21
5468001,2
10663647,2
10663665,1
10663710,1
2106720,15
6900760,5
4411342,7
3065639,3
5516999,10
10663890,2
7620711,4
8753375,1
6901913,5
4864065,11
4450493,5
590008,4
10664035,1
8894347,14
1508038,38
10664055,1
6914410,5
4415290,12
6629006,3
664893,22
621772,4
1070600,21
4074320,9
3192642,6
10664250,1
10664273,1
6891631,1
620849,13
10664298,1
6891909,3
645862,12
6891935,3
6892017,3
6892041,2
7530016,5
3182231,7
1440374,1
1687014,3
444559,10
2462750,2
4239461,15
2311628,8
2771458,6
1359552,10
3346022,7
6893728,2
4669207,2
6900044,8
1441414,7
5409844,3
675696,11
54535,478
4198180,18
6895008,9
5747700,4
6562176,12
6895368,8
96982,18
7372761,5
6896208,1
6895775,1
5804193,5
6895884,3
232101,9
6896685,1
9819239,4
9819254,4
10665493,3
3031544,4
6896980,1
6896991,1
10665691,1
10665910,1
10665953,1
9115324,2
10666274,1
10666414,1
10666531,1
10666625,1
1394085,6
1053737,4
2724932,6
10666685,2
6897306,2
4180164,3
1786338,8
10666698,1
3599463,5
537517,4
10666862,5
1345877,16
3214066,9
2884073,4
10666925,1
1552875,19
3939111,2
9944605,7
10355962,3
4220071,5
3927284,6
3023250,2
3280006,2
4996395,2
3296425,18
6897857,4
1148791,5
10667095,1
6708306,9
6883139,8
6566039,45
2450685,177
5466488,5
9990843,3
7140474,6
6900914,3
931495,14
3400608,10
6902400,6
3388176,5
6901690,3
4166282,6
3360423,9
1208353,16
8404372,2
5465912,6
4413627,8
240163,15
6535246,14
6561848,4
5738593,3
6902649,2
7516290,4
4307446,4
6903118,1
5757101,3
4696427,3
6903322,1
21360,18
5864576,5
6903628,6
10668046,1
6903911,7
6904091,1
9992025,6
10668224,1
4194709,5
8568044,3
6711961,5
1035778,3
1298421,10
10360598,4
47746,7
6763477,6
1148909,1
8286709,4
1481381,10
2930586,1
3061859,16
10668845,1
10668912,1
1736112,2
10669099,1
602210,1
10669191,1
7391119,31
8832819,28
10582538,5
10591395,4
6905270,1
6708250,7
2086188,18
10669435,1
10669440,1
8969631,6
10669516,1
1519015,7
1331224,7
10669626,3
5912521,3
5724688,9
10669637,3
3136899,3
3002513,7
6905824,2
10669678,3
9923048,4
9825573,3
10669792,2
10669827,1
6539890,150
4150473,12
10669896,1
10670062,1
5389003,3
4273026,1
629448,3
609802,13
10670149,1
10670156,1
1841631,3
1200870,3
1668756,4
653577,11
5655504,2
265792,6
2839466,15
4456767,5
6908335,2
1749832,4
2306544,1
6696893,6
7781270,1
10670260,4
4969678,2
1055106,6
8725786,8
10670333,2
3952288,1
8812436,11
6909314,1
10670869,1
10670897,1
440168,8
2559684,7
9888151,3
10670999,1
10671199,1
1370525,13
1291805,3
3615602,10
4531718,4
6910350,2
6910404,1
8334599,2
4172455,4
10671524,1
10671591,1
10671599,1
7103933,4
10671650,1
6910612,1
10671683,2
2458375,1
10672023,1
9784217,3
6914521,3
10672146,1
7584051,7
6911086,2
8887871,6
750999,1
6911370,2
750663,4
751557,3
6912004,2
2324136,11
8581533,1
6540008,5
1694516,2
6912642,4
10672409,1
4161939,1
1083658,6
10672506,1
7563173,3
10672624,1
5804796,4
10672763,1
10672923,1
7551161,2
10673049,2
7395152,2
10192636,2
20171,4
3200828,2
3200938,4
6915093,2
10673379,3
10517020,2
4816950,9
10673671,1
8629082,3
10673693,2
4404453,6
6915246,2
6785547,8
6915269,1
10673852,3
6573436,3
8420235,1
4625352,19
6916476,1
10673979,1
10673995,1
2205073,4
10674053,1
6916167,2
5699860,1
6554866,7
3338725,3
10599592,8
7073645,12
1511840,4
6640693,5
6615646,8
798064,8
1299489,11
6916912,7
6916866,1
1509589,8
6914652,1
3377007,3
6917176,1
6917401,1
7073026,2
10674616,1
10674630,15
10159913,7
10674716,1
10674851,1
10675086,1
535055,13
5522338,3
752273,6
10675176,2
4488144,1
3094671,10
6918344,284
9953302,2
5811822,3
6918478,2
1684685,5
6918552,2
6918591,4
5515614,3
6719117,4
6919054,2
6919075,1
6919267,1
4854644,7
6919380,2
392603,3
4132589,1
6919549,9
3104663,8
2656305,3
1042236,3
5477147,3
6924545,1
6924708,1
1142580,6
902358,3
3274847,2
10676112,1
10676247,1
2799387,1
945153,2
4008447,1
5811318,1
8714577,1
10676687,1
10676791,1
10676821,1
10676824,1
2818352,1
5324458,1
10677209,1
5268269,1
3204438,19
18065,3
10677301,1
8216878,3
4112413,5
2777617,6
6925360,1
568304,12
10677578,1
2977137,8
6925580,2
6925799,1
645551,7
6578245,2
4613920,1
3225116,23
6926763,1
3417641,4
6926971,1
10677635,1
6918448,2
1544448,7
10677701,1
10677763,1
10677790,1
6721524,4
10256259,2
1327330,1
2457261,9
10677903,1
4889766,1
6927808,1
7296319,3
5365559,4
10678150,1
6927930,1
9080540,8
8988849,4
6928183,1
8768821,4
6928221,3
4870311,4
5956795,19
4688925,1
3685033,2
1622450,2
10623178,5
4718378,5
3174034,9
10324893,2
5205877,3
4063353,1
6931749,2
6049,22
1581238,23
6932034,1
6932051,4
6900234,1
10679429,2
6576037,3
2857914,6
6858145,2
6932362,1
134521,10
4536424,9
6932474,5
6932488,1
6932495,3
2168914,1
6932563,2
565034,11
6932722,3
4568798,1
3341196,6
5390104,1
5672061,1
6524484,7
6933292,2
6933305,1
6561473,4
1956965,18
1213144,12
3400679,7
6933900,1
6934294,1
8615402,5
10679901,1
590114,6
6935361,1
6686822,1
6540059,40
10680028,1
4243809,7
8253323,8
7101355,5
10680160,1
10680308,1
6935943,3
3367094,2
3152636,2
2455467,5
1031930,3
2837399,3
6784670,1
6936517,3
4114655,5
3062203,21
3062377,19
3585866,7
8601942,9
6936850,1
6936968,4
10074714,9
6937132,3
1419442,12
2249426,18
3677727,6
4232571,2
6721744,11
1607586,10
4222517,1
4164274,1
2891443,9
2314962,4
4806318,1
9784726,3
10681028,1
1753799,2
5883739,6
2869268,5
7030424,7
3048633,3
3167087,3
10681594,3
4414404,4
2765296,1
6938744,1
992751,3
6938945,1
5470938,10
3278521,9
6939259,1
6939298,2
6939555,1
4194407,7
1440731,2
4652930,11
6939909,1
6939948,7
1800762,8
6916679,5
679189,15
6563037,2
6940227,3
6574031,10
1527738,7
3726662,3
1770338,7
5438103,7
3143634,1
3377775,6
3495155,12
6940680,1
6615875,3
3414807,5
1655745,5
6564639,6
4377613,6
1801472,4
1506137,14
10681818,1
4787668,2
2492556,3
4044835,2
10681940,1
10681959,1
5410769,5
6941580,1
6941662,1
4156729,4
6049119,1
3292385,3
10682201,1
4905055,1
6531170,5
4804455,3
5382440,9
6942397,2
6942449,1
6555405,4
6614613,12
1620664,1
6942599,1
3150502,2
4135731,1
3085704,2
10682501,3
5990956,12
548037,22
5606251,2
6943424,1
10682857,1
10682983,1
5917362,1
10683013,1
2411065,3
10608097,6
743640,7
3119243,5
1005285,4
6943683,1
6943684,1
10683326,2
10683328,1
6943799,1
7068736,2
2507215,4
4169013,3
3252583,2
6944034,2
939967,8
3047571,6
4166469,1
2359039,3
10683631,1
6898043,4
6573665,8
7281299,4
8544807,3
722241,8
1511888,7
236304,7
4889679,3
10683771,1
6560882,3
7541912,6
705121,1
10683847,1
4123197,1
1812046,3
10683884,1
869811,10
7022922,2
1691610,1
1085374,17
10684112,1
10684168,1
7028528,1
5510995,5
10684292,2
10684380,1
7029891,2
7029959,2
7030097,2
5803995,1
4182980,8
2454550,4
6625621,5
3911112,1
5884375,7
1603298,3
7030915,1
7030920,1
1067146,5
10684992,2
7031412,1
5461642,5
3670300,1
5932512,1
10685261,1
8634864,1
4712530,3
1721502,2
4665002,6
3427314,17
10685918,1
1305034,3
7033132,1
9761203,9
6898491,6
10596354,2
7034241,1
7034345,1
7034777,1
4810714,1
7034871,1
7035379,1
7035693,3
3285173,2
7035965,1
10686718,1
3743136,1
5544046,5
7036571,2
7005459,1
4534122,3
7036947,2
10686831,1
7037022,1
144897,2
7037189,1
10524217,2
5169524,1
583125,310
6504525,6
7034347,1
7038711,1
163710,11
7039341,7
10687146,2
7039563,3
5218388,2
6443987,4
3511342,2
10687490,1
10687590,1
10687615,1
10687679,1
10687700,1
10687788,1
7040344,1
3935791,3
3527126,2
4486191,2
169305,6
7048360,1
2043450,1
1466107,4
10687917,1
2369037,7
180929,2
10687980,1
5620125,2
7041152,1
2180444,1
10688095,1
10688163,1
10688197,1
10688343,1
1307266,2
2160096,1
10341663,4
7041755,2
10608401,3
10285824,2
7041971,1
10689531,1
1424245,1
9291167,2
3015841,3
7041180,1
10689951,1
10690016,1
2636629,1
6184033,1
10316614,2
10690181,1
10690358,1
10690392,1
1088017,8
9950143,3
10690491,1
9154550,2
6273055,1
2844166,2
293582,9
663490,7
10430393,2
7234821,4
7836337,3
10691162,1
10691415,1
10691481,1
10691483,1
10691603,2
10691629,1
1765505,2
7043861,1
6613968,2
7044109,2
7044672,1
2494848,4
5924908,2
7044580,1
7045360,4
7045164,3
3898597,3
7044690,1
7044614,1
605421,1
3938647,5
7045894,1
7046064,1
1639267,4
7046400,1
1081664,1
7046756,1
7047095,1
306044,11
7046885,3
7047182,3
7047229,1
6513939,3
4485231,4
6350432,1
3298941,2
6420427,1
7048101,1
5415187,2
7048464,1
7048982,1
4226832,1
2781124,4
3985593,4
183148,2
7049412,2
135514,2
49003,7
7050169,1
7050088,1
7050518,1
7050618,1
7050944,1
4556198,4
1356465,5
7051439,2
7051248,2
590834,1
7051674,1
3590585,4
6541976,1
1715876,2
5346797,2
4584051,5
4279217,4
3563924,2
7053173,1
5029199,3
7053563,2
7053810,1
7054330,2
7054304,1
7054361,1
7054679,4
7054924,1
7054901,1
3275075,4
4448867,3
7054979,1
5492915,2
7055629,1
2019834,4
3979463,3
2369730,4
3906464,3
9856009,3
7056323,1
7056352,1
7055800,1
7056378,1
7054985,1
7056871,4
7056724,2
2983548,2
3278260,6
4498896,2
4490346,1
5929768,2
7057953,2
6706680,4
7058848,1
7058869,2
624464,1
7059051,2
624532,2
7059294,1
4904672,2
7059497,3
185436,4
7059522,1
7059643,2
6531338,2
7059766,1
7060102,1
7059884,1
7060208,2
7060303,1
4819043,1
3511029,3
3225622,1
7061230,1
3214472,10
7061244,1
3202487,2
5566422,4
7061624,1
6534435,3
7061778,1
7061807,1
7061821,1
7061868,1
117301,1
3790839,1
7062043,1
7062070,1
5685415,1
10692631,1
10692673,1
5448134,3
5454011,3
9101772,11
10692983,1
2510377,1
7064884,5
8376339,1
10693115,1
6883265,3
10268853,2
7065100,6
723042,7
1165083,3
7065144,1
10693686,1
5261471,1
10693767,1
10693810,1
10693865,1
4459310,6
6884433,3
1306988,4
3189395,4
10694068,1
7782040,2
3410511,5
4459566,3
7065395,3
1758214,6
10694163,1
10070314,3
2633626,2
10694231,1
6885337,3
6885531,4
592975,4
3410863,3
7065592,1
6547545,6
4183890,6
2620149,6
592856,6
5917215,5
922318,4
592239,4
7065688,6
2619722,4
6828283,4
6886399,2
7065843,1
6886503,3
1307415,6
2721923,3
7066022,1
1224353,1
1816328,6
151169,6
7066054,1
1179374,4
2001163,4
726337,4
1047940,5
3411441,2
1586366,2
6887394,2
1229667,7
7066298,1
1308449,417
1460661,7
1460617,3
1460330,7
7066427,2
6552153,6
6887846,2
272826,3
4473980,2
2261143,7
6553218,8
922862,4
903505,4
3286693,6
4664862,2
501381,1
6888012,7
10694305,1
273080,3
273363,17
273487,3
1939971,5
4185867,4
274264,3
1557432,2
3122850,3
4241088,1
1467000,2
275257,3
7066494,3
7067143,1
7067162,2
7067169,1
996950,5
3965504,1
10002189,3
7067228,1
5886118,2
5613934,1
6889008,1
435584,15
5617164,2
6889388,6
6889399,5
2550542,4
2122121,3
5886308,7
7067665,2
1200964,7
3237059,13
5487,14
2973053,3
213154,7
7067937,2
7067925,1
7068088,1
7068179,1
2287499,1
3167317,3
2097276,1
7068402,4
5886881,4
1059679,3
7068512,2
2897773,7
7069077,1
5873050,1
6639817,8
6572094,2
7069375,1
431830,18
7069699,1
2116490,2
7069796,5
7069757,1
1140422,9
2020705,2
7070388,3
293051,8
7070517,2
6560689,7
4416531,5
7070741,4
6914385,6
3467324,6
88346,8
1513150,6
559532,8
4869471,1
5747754,5
1638485,5
1516626,3
5888598,13
10573740,4
7071463,1
2973490,6
19405,22
4276393,10
9274388,8
4132353,5
7072149,1
3113233,12
10694508,3
7072579,2
930024,2
10694714,1
6882541,2
5709053,2
7073079,1
7073083,2
10585489,5
3062504,3
10694822,2
9845321,5
2845413,4
2238199,6
7073594,1
7073687,1
10695142,1
7534378,6
4039826,9
7096132,2
10695374,1
10695381,1
6624785,2
10695445,1
10209396,5
10065803,21
6624948,3
6608579,6
10695572,1
10695607,1
10695627,1
7075186,5
1078966,2
9886261,7
3034328,3
7075677,6
10696067,3
10696073,6
3592004,2
6811360,3
9853276,2
9853340,7
7076579,5
10696288,1
6086085,1
10696562,2
9262727,11
10696820,1
6537098,4
7093924,3
8102762,1
4140360,3
10697287,3
10697296,1
7670837,2
2178533,1
550352,8
10697565,3
10697710,1
10697718,1
4075421,6
10697797,2
7544385,2
10698014,1
3211117,3
2161556,4
10698236,1
4376450,2
10698360,3
10232003,2
10698775,1
10698841,1
10699035,1
632576,1
9245670,2
8396867,1
10699130,1
4873887,3
8033016,1
10242771,2
10699422,1
10699505,1
5839811,3
1859793,9
3999258,4
6574334,8
1280984,8
8786231,15
4697585,2
2250105,1
10700393,1
7084746,1
10700676,1
10700760,1
10700768,2
7378172,4
10700820,1
10700931,1
2428068,2
8598336,2
4669442,1
7812196,2
10701342,1
10345575,2
10612886,2
10701553,2
8296634,2
1103005,223
6850701,2
10701759,1
10701841,1
10701870,1
1490203,2
10702036,1
3917948,4
10702837,1
3595638,3
6303149,1
2251829,1
7625995,2
7227531,10
10703596,1
10703665,1
10703788,1
7790231,1
3428560,4
7236509,1
8041631,2
10704205,1
10704345,1
4400905,2
10704558,1
5463181,2
202126,3
9034990,3
2341102,3
8417257,2
1537086,3
10705153,1
10705189,1
7456699,2
5879803,1
7758439,5
10705364,1
10465154,3
6653472,1
1768553,3
10705705,1
7546083,2
4122435,1
10705799,1
5581687,4
4073451,1
10705861,1
10705872,1
5513035,4284
1030051,4
1644247,11
10706155,1
10706330,1
10706468,1
10706529,1
986025,3
7590819,2
1626364,3
10706645,1
3405814,3
1671342,3
10571804,2
8615156,2
10707056,1
2435757,4
10707202,1
10707231,1
10707610,1
10707635,1
7263374,2
6929968,1
10707896,1
10707952,1
10708010,1
7897071,1
9882642,2
9757007,3
10708203,2
978417,8
8037016,1
5499636,2
88430,4
4370778,5
5843171,1
7623373,3
10708628,1
7530173,1
898522,2
10180598,3
9424,14
10262385,2
8883984,3
7107885,1
4662976,2
4893616,6
4224673,3
7161385,2
4663064,1
5992944,1
10709716,2
1958691,2
9741037,2
10710043,1
4860960,6
8083083,3
8603279,3
10710207,1
5475016,10
6585520,2
8037718,2
7938106,11
10710629,1
10530836,3
10710909,1
10711119,2
4152387,3
5500831,5
10711428,1
10711531,1
10711574,1
1062760,3
10711748,1
8582955,2
7814702,3
10711790,1
8555951,1
3391562,2
4587550,5
9249890,2
8610302,2
10577390,2
585443,9
10712448,1
10712464,1
2878927,13
10712587,1
10712595,1
10712616,1
10712702,1
5045167,2
4661664,4
7124808,3
10713008,3
3009730,5
10713193,1
8963627,3
7247519,3
10713334,1
399049,3
7837192,2
10713747,1
8597623,2
4075109,1
8040715,1
9891248,6
7146764,3
8947698,7
6839686,2
2182896,9
10714278,3
7162987,3
4074739,9
5725588,5
7895438,2
8648505,2
1604985,7
4403201,6
10714696,2
4936187,3
5888790,2
517967,2
10714974,1
9878888,2
6645610,8
3343842,6
8573213,4
1185000,5
10715172,1
10715313,1
3348291,7
8042363,1
10715900,1
3428307,1
7107946,5
10716446,1
1337012,5
10193448,2
7153548,1
8032745,1
5667984,5
8821486,3
10716808,1
7623405,6
4693936,1
10717141,1
766100,5
1767082,7
5973639,5
10717350,1
1380662,4
861975,1
791675,264
5454496,1
6575681,2
10717776,1
8562339,3
7087520,1
4942774,9
443481,6
7087602,1
4523162,6
5739519,3
3002418,6
8614791,3
6864175,1
10718396,1
7088860,3
1643724,9
10619869,6
10072818,3
10718557,1
10718580,1
6837941,7
10718601,1
5913313,1
10718701,1
7090499,1
7090531,2
7090562,1
10718820,1
5511452,7
98191,3
98110,8
7091930,1
4406335,2
2456889,5
3928765,3
1588890,2
2031528,5
10719409,1
1589473,4
3317654,10
2982141,3
7092824,6
7092952,2
10719616,1
3631705,6
7093372,1
10719689,6
6558902,2
6937887,4
10719755,1
2785469,9
10719803,1
10719885,1
10719890,1
8828359,4
10582490,4
10720119,1
10720170,2
892266,3
10165166,2
5795170,1
3937996,2
10720457,1
10720485,1
10720491,1
10720545,1
3848912,7
10720647,1
10720860,2
7101886,2
7102231,1
7102369,1
10721032,1
10721047,1
1211040,5
3573271,2
6898396,1
7103244,1
7103290,1
2107154,6
7103891,1
7103892,6
6721440,5
3985889,15
7104204,5
7136676,4
766412,1
2779672,5
2462532,1
10721354,1
5966993,241
2245230,2
10721519,1
10721527,1
10721647,1
849189,32
492080,6
2880982,1
485073,3
849692,2
1079213,1
3359370,11
2244870,1
8458139,2
7104591,1
2332496,15
8414472,3
7105359,1
7105335,3
10722394,1
4826415,2
1907935,2
7105448,1
10722412,1
10722452,1
3387247,4
10722558,1
4871447,2
7635173,4
10722749,1
8853160,4
10722807,2
8908905,11
1585946,2
7113692,1
3291497,7
10723051,1
5390723,4
9944125,5
889633,7
8315126,5
2839634,1
6885968,1
4226089,10
1027156,7
3432994,9
5715420,5
647496,11
6674548,3
7114188,3
1320374,5
4462753,2
7114210,1
2470693,5
6606362,1
6889249,1
447884,10
5006740,1
10723627,1
10723661,1
10723668,1
5733940,5
10723737,1
10723781,1
1883904,2
3898762,1
2717258,2
2687413,4
1333266,7
4795455,3
6618735,2
10723863,1
3651141,1
5363491,1
7116681,2
7116812,5
3291069,7
3168279,2
6692287,2
7117153,5
7117174,1
7117205,2
7115882,2
131184,1
6529733,4
7117473,2
7117548,3
2354682,6
7117868,1
1073769,2
1019893,2
7118348,2
595180,3
5952374,8
585313,5
7109155,4
7107666,1
264329,9
6895165,3
7118935,7
3144575,7
4211884,2
3359067,3
4949399,6
2870705,12
5898980,3
6589872,7
7119551,2
5792156,5
2870729,14
7119688,4
4864860,7
3104948,6
7119812,1
10723983,1
4113987,1
3618918,1
7093113,3
7122534,1
7122675,3
6874218,2
2445189,25
7096633,2
4197183,8
7123138,9
1208421,8
7123434,3
2217012,1
2968245,2
5714733,5
7123669,2
4701949,3
5909857,1
2249399,5
2050249,4
4945148,4
4416811,7
7098297,2
7123718,1
5747706,2
7124174,1
7109270,3
7124211,1
10724174,1
1238558,7
7124584,6
616619,15
98240,3
4151269,3
1143451,3
3360973,4
108132,6
7125476,2
10724356,1
10724396,1
10724464,1
9105682,4
6811490,2
6623770,3
10724644,1
10724688,3
5096271,2
10265249,4
7937176,1
6622106,6
45883,4
10724999,1
10725135,1
6900212,3
10725152,6
9254528,5
9921387,4
10725287,1
9279922,2
1298990,12
7291624,2
7072755,5
10725667,1
7127069,8
10725788,1
6636604,3
7127244,2
904145,8
8580848,2
8601682,1
10578325,3
7199407,5
4223293,2
1456023,3
5120175,1
3110988,3
7127368,2
7127371,1
9882298,6
7221317,5
10726458,1
10726465,1
7941044,2
4178299,4
3381585,8
3008477,6
6978135,1
231639,1
9270802,5
4701865,2
10726853,3
7194858,1
5702786,1
5245053,1
10726943,2
10727083,1
10727150,3
3958848,1
10727285,1
7575214,4
10386998,3
5560824,6
8419188,4
7373186,5
6936683,2
4860593,3
1809641,6
10727583,1
10327662,2
922476,4
10727744,1
10727795,2
9976073,2
10727924,1
6688444,3
5898310,1
5176363,1
736728,9
10728307,1
10728349,1
10728434,1
10728442,1
10728446,1
2881310,13
10728595,1
10728599,1
10728608,1
7129987,1
676033,3
10728745,1
8936073,3
10728856,1
7130149,1
7130178,1
5992841,3
10729189,1
10041586,3
6765221,4
10729500,1
1576737,3
10729689,1
9847018,10
7767114,1
4581502,3
7132473,1
10259121,2
2996876,2
4952254,4
10730223,1
10730330,1
10730384,1
2810542,1
10730648,1
10730726,1
10730739,1
7132675,1
2426825,6
6907392,2
7132700,2
7132785,6
5736536,3
7132942,1
3381859,10
7133027,2
5002858,6
2306495,8
4309188,3
10731022,2
1910229,6
7133346,1
7133350,3
7133503,6
7133658,1
7133724,1
4099324,5
7133788,2
3366225,4
9826523,15
8605747,1
6708101,6
10731305,5
7134199,3
7941544,5
7134317,1
4402590,3
4992942,3
10072741,2
10731674,1
10732036,1
10732253,1
5316890,4
10732258,1
10732490,1
1539511,2
9744176,7
8960220,2
1299180,13
3318798,63
10042297,4
3917015,5
10732763,1
9888045,4
457898,7
7135504,1
10732988,1
7248695,10
8783724,5
8899438,11
9882828,8
9909830,12
1816103,4
2432139,1
9108785,13
10733742,1
6622949,2
10733869,1
6623531,1
10733960,1
8257271,2
9100488,2
3370109,2
10734575,1
10734660,1
10734700,1
10734860,1
1499301,4
740897,5
10734938,1
897989,8
10734965,1
730320,3
10735110,1
10735116,1
25371,212
6769746,9
8601815,2
10596995,2
7136809,1
1187908,6
2710654,1
7137052,1
1047753,2
5551786,2
9774753,3
7137217,1
2672843,10
4172551,1
499645,19
2030003,2
7137551,1
7137662,2
6763788,1
5778510,4
10735882,1
10736015,1
9244660,3
4998006,2
10736555,1
1419580,4
2606688,3
10736680,1
7138242,1
7138565,3
6272808,1
7138667,1
10737051,1
10239475,2
10737144,1
10737346,1
10016764,2
10737362,1
763212,2
10737397,1
1096413,105
10737522,1
3179504,15
3258336,3
2502514,3
10737853,1
10737856,1
7139130,3
4224215,9
9761694,4
10738121,2
10050080,7
5871197,2
5727907,7
10738347,1
10738366,1
10738387,1
10738676,1
10738773,1
10264402,2
7547458,1
7139652,1
7139692,4
6607569,4
2503587,3
10738959,2
8962748,6
10739084,2
7635237,3
7634936,18
4553687,3
4142255,2
8401576,2
9890744,3
4412196,4
4571118,7
1532071,5
7709456,4
8731606,2
10740018,1
3344440,2
226639,5
10740066,1
1347224,8
8597517,2
4014274,1
3391377,2
7296139,3
5988386,23
7472347,3
6690484,2
7821739,2
4389308,9
10740536,2
10740593,1
3496005,2
10740781,1
7326771,5
10740866,2
250645,2
4025876,17
4587328,2
5486431,1
3388462,5
10741228,2
3492995,6
6561681,4
7112344,4
10741652,1
10741705,1
1813644,6
8345233,2
288360,6
10741919,1
7715499,1
5510159,2
3596030,1
10742139,1
2363438,7
673015,6
9068147,2
10742289,1
5719878,4
5357083,5
10742529,1
1668204,8
7798124,1
4379420,6
8614809,5
10742803,1
4136506,1
7608122,1
5701450,5
10743016,1
10743080,4
3035475,6
2464398,1
10743206,1
10597143,4
10743298,1
10743324,1
10743364,1
10743464,1
10743526,2
10743535,1
7141488,2
8120853,11
7221930,2
7988583,1
7961398,7
7227605,25
7923084,6
7142818,1
7142482,2
7893764,4
7998691,1
7528652,13
10744003,2
10127376,11
7961390,1
7642281,9
10744287,3
8043412,5
7214740,13
7226618,16
7141802,5
1220281,1
4012164,1
7214997,2
4138389,1
7215162,1
670542,3
2518486,6
5979048,2
5876630,2
7215587,1
7215722,3
7997971,1
7223379,3
7980426,5
7961712,5
8023368,2
7676428,1
8023075,2
7962347,11
7962029,3
7961870,368
7677509,4
7226440,4
7227589,14
10745058,2
283567,4
6137855,2
10745344,1
3039154,1
7228342,2
10745500,1
8119191,3
7228525,1
10745529,1
7589857,7
7230709,4
7230779,4
4146909,1
3342458,5
3421560,3
7245274,1
10745791,1
7579578,2
10745896,1
7942011,5
10746116,1
7248608,6
7248591,2
5760111,2
10746357,1
10746597,1
3206206,1
10746916,1
2313538,2
10746969,1
10747043,1
4720380,3
10747442,1
8047655,1
10747548,1
10747574,1
10747604,1
10747606,2
10747954,2
4060284,8
7539004,1
10748089,1
10748181,1
10748298,1
3087564,5
10748498,1
4234082,6
10748562,1
1757204,5
10748838,2
10748954,1
5973702,3
10749189,1
10749295,1
10749332,2
947711,3
10749600,1
10749624,1
10749675,1
10750357,1
10750528,1
5568659,3
10750693,2
10750695,1
10750789,1
10750860,1
10750928,1
10750957,1
7098032,2
5573206,1
10751207,1
10751416,2
10751434,1
3428670,1
10751718,1
4673093,2
10070455,3
9738567,5
7250102,1
5040658,1
7250218,1
406102,13
933329,1
933328,1
6731999,3
2099528,2
3892517,12
10752596,1
6571316,4
10752925,3
10752949,1
6915565,1
2137971,2
9230733,6
10753108,3
10753166,1
3386148,10
1980449,499
10753370,1
2514774,8
10753477,1
1808928,3
7252676,1
4156317,2
7252808,1
10753862,2
531856,4
7253076,1
8276472,3
7506235,2
4023763,2
9866090,3
10754310,1
1758513,3
3758977,1
1914860,1
3984,6
7253659,1
3899788,3
10754448,1
3654306,2
7254015,1
573890,1
7254113,3
7254808,1
7255099,1
7255226,1
1937516,4
7255287,2
10754733,1
4684450,2
10754901,1
9997951,3
8198211,1
10755387,1
993508,3
10755479,1
295416,4
23778,5
246407,3
10755939,1
305551,1
10756120,1
10756159,1
1161919,1
6605468,9
3279122,2
7255816,3
7255895,1
4219934,6
7255955,1
7256134,2
7150380,7
1984865,3
3143156,1
7257326,1
5736724,10
6626440,9
7257502,2
7257512,2
5727074,1
1359129,6
1677611,2
547921,3
2427074,4
3153491,5
7258621,1
10756413,1
10756433,2
4503696,5
3372762,8
4019637,2
8424795,2
10756840,2
7259519,1
2882225,2
4905554,1
517107,107
10757280,1
7259599,3
10757393,1
10757420,1
7940119,1
522262,1
10757633,1
4025132,10
2482918,2
9236040,8
7259777,1
10757804,1
9051229,2
10757998,1
10758002,1
10758022,1
9154881,4
10758178,2
2173512,3
10758305,1
10758365,1
10758367,1
7260080,2
4914933,1
10758503,1
7260180,1
2313932,3
7260244,3
6695984,3
7260331,1
5456902,2
7260543,1
3047418,14
7260590,1
10758713,1
1182854,11
10758728,1
2612415,2
1040555,2
10215349,2
4932454,1
10758876,1
7260999,1
8771899,3
7261202,2
10759075,1
7261490,3
10759107,1
570566,5
5061856,1
7261675,1
1804603,4
1183169,5
8707790,1
8558129,1
10759966,1
1356094,3
8955282,13
288169,6
5845983,1
3091452,1
10102276,2
10760447,1
247557,1
1301245,2
9039902,3
6595123,8
906504,7
7263775,1
3216009,6
7263952,3
2802662,8
4944827,5
5737764,8
7264130,1
4177960,1
10760695,1
10760723,1
7264445,1
10760729,1
7264489,1
2486351,3
10760779,2
1505002,3
7265987,1
10274922,2
9109307,3
10761228,1
7266586,1
7202100,2
10761298,1
8265935,1
10761412,1
10761425,1
10761435,2
4917428,1
10761478,1
934379,2
793321,17
10761595,1
8460700,2
10761599,1
10761616,1
10761636,1
10761656,1
556486,1
9086124,3
7267115,1
7267124,1
7527322,3
10761995,1
7268245,1
10762104,1
7268519,1
3378383,2
509282,2
2648389,1
3030755,9
3210496,3
7268976,1
4673951,5
3370267,6
3085379,5
3355875,2
6626119,5
1777747,7
7269596,1
7269717,1
10493336,2
10762378,2
7269827,2
7560641,2
10762483,1
10762534,1
10762542,1
10762545,1
4819273,1
7269915,1
10762627,1
8161286,2
4956194,3
2521577,5
6533256,7
2344468,2
2303154,3
10763343,1
4816963,4
1023556,1
5355256,6
5732269,3
7205409,4
10763735,1
10763915,1
4442650,2
2871632,14
4980717,13
7271024,2
4136001,2
7271503,1
10764480,1
10764574,1
10764633,1
8492932,1
149288,291
5342933,1
10764758,1
10764788,1
5508015,2
3935112,1
8610976,3
10765106,1
132923,4
4326833,2
4964476,5
2959824,7
2959958,3
7272791,2
2995793,8
5475580,2
7273337,4
5517672,2
1280605,10
9945017,6
2642429,6
7273662,1
7274227,1
7274418,1
7274495,1
10765766,1
10765778,1
7274663,1
7274839,1
8983774,5
2300391,3
7275101,1
10765875,1
7276335,1
1152174,2
10766609,1
758951,1
1131177,72
10766793,1
2064132,7
8825936,2
10766932,1
10766992,1
10538731,2
10767611,1
10767736,1
10767879,1
10767957,1
3995559,3
2258310,3
4893351,1
1269833,6
721000,2
7277090,2
7277178,1
1308560,2
5935165,2
4997963,1
7277690,1
10410173,5
7277858,1
6628783,5
3345595,5
7279549,1
7279726,3
5937878,3
7280620,3
2309973,1
2310497,2
7280941,2
2311619,2
7281108,3
7281209,3
3025686,3
6712730,4
10768643,1
10768644,1
8576058,2
6549669,4
9893692,2
10768908,1
10768911,1
7282692,1
10769068,1
7282989,1
10769552,1
8317667,3
167652,5
7947093,1
10769717,1
1529122,3
4892236,6
8638180,5
1414688,2
10272153,2
965079,4
3548180,1
3553454,2
7284081,1
9943965,2
7284082,1
2991890,1
1183232,1
2834803,3
1058247,3
10770135,1
3555908,3
1738055,2
7284526,2
1379480,4
1146433,3
637545,11
7284810,3
4739214,5
7284856,4
4487462,6
5767505,6
7285000,1
3408838,6
1836455,3
7285204,2
7285270,2
4124479,1
10770487,1
10770583,1
5990305,1
4673125,1
5334952,3
1524502,4
7286944,1
7286985,1
3360781,4
6730514,5
655267,10
7287082,4
10770902,1
10770908,1
10770921,1
10770970,1
7266660,7
4060894,3
7287478,2
4233417,5
2991967,2
4495651,3
2834368,2
2995643,2
1738118,1
3013061,2
2989870,1
965035,2
2993880,1
7288046,1
1738158,1
1602192,2
7288289,1
7288696,2
4382719,5
9781418,4
7416640,3
10771463,3
7289206,2
10771530,1
6563829,3
7289940,1
4514730,1
7290043,1
10771905,1
7290246,3
7290723,1
7290822,1
6158380,1
7290879,3
7291011,1
5911157,3
7291265,1
2314424,2
10772466,1
5808966,3
10772712,1
10772967,1
10773017,1
10773095,1
10773104,1
8473836,5
10609176,4
7291772,1
10773311,1
2671610,2
10773601,1
3358734,3
7292296,1
10773747,1
10773762,1
5024885,5
10773851,1
7293841,1
7293896,1
7293904,3
7293918,1
3008257,5
7294017,1
7294346,1
6710604,5
5882704,2
3220828,8
6566605,5
3508931,5
3492339,2
7294920,1
11306341,1
9286407,3
35759,4
11306516,1
11306538,1
1609206,3
6444111,2
3498338,10
1017003,3
4892847,1
137770,2
11306735,1
1201093,8
9875536,2
150641,118
10871699,2
11306957,1
11307070,1
11307244,1
3249809,2
4787992,3
2135690,5
11307825,1
11307956,1
10983335,2
3138523,2
5161667,1
8849410,3
11308397,1
11308429,1
11308432,1
345655,4
1942596,2
10881386,2
1097811,5
10201012,3
8760126,1
7667975,2
11309142,1
27219,2
3209878,6
548658,2
2446303,3
11309279,1
1694815,4
7514488,1
11309379,1
8760246,1
8602467,2
9998966,10
11309691,1
1605501,4
60224,2
8760264,2
1073491,4
8416115,2
11310026,1
7297254,3
11310118,1
8760464,2
10972638,3
351383,2
7586770,12
11310399,1
4194,13
11310537,1
190729,2
10104046,2
11310686,1
11238532,2
537043,5
11311156,1
11311182,1
11311191,1
4126942,1
11311621,1
11311761,1
1374017,2
462402,2
2390627,1
11312013,1
11312220,1
11312250,1
11312285,1
3599478,1
11312681,1
11312839,1
1488759,2
3566710,1
8760967,1
11313049,1
139767,235
11313130,1
11313218,1
49870,11
1057296,15
9112630,2
11313638,1
4572567,13
746600,5
4945927,6
16815,9
7581117,7
8340786,2
1101992,2
11314199,1
10385244,3
8907892,3
10600548,3
8761869,1
1905546,1
4179109,6
10384073,3
899432,1
630727,14
1413692,2
11315509,1
11315524,1
10096894,4
3180000,4
11307063,1
4177676,5
11309886,1
11310028,1
11310222,1
11310294,1
11311100,1
5965157,2
11311679,1
11312372,1
11313247,1
11313529,1
11313634,1
9105964,5
1684189,2
2687412,1
3383120,4
2336018,2
11314430,1
11314458,1
7646097,1
11315312,1
4390020,4
6919843,1
11315914,1
11315952,1
274730,1
2883547,3
3447651,3
11316094,1
4849440,5
11316202,1
8762349,2
2462454,2
6718983,3
11316559,1
6627008,8
8830148,3
11316680,1
11316789,1
285982,49
95272,9
4119861,406
1000800,5
230367,109
991119,19
1673251,112
498061,82
499808,19
487131,7
2366824,73
152046,122
845909,18
2812210,8
501372,78
877402,5
792167,58
2945782,10
471508,31
517976,17
882058,27
2941571,45
508569,75
510763,17
4340287,96
490301,208
390220,302
494158,88
500936,257
5686099,83
489998,60
698173,67
148215,3
2445610,17
856750,26
473838,190
3587696,26
4536224,1
514573,45
4971093,10
5335891,2
1113484,45
7334881,31
499591,38
668128,103
354574,220
3922460,36
149507,3
477567,7
493076,145
149863,22
1163981,30
146198,201
1392811,12
1099270,347
3052204,75
2946368,4
715773,142
3310247,155
999323,6
485001,66
148818,47
3517614,6
4564405,10
139028,30
7523582,2
114907,25
221477,38
692134,33
595698,247
147202,22
851822,3
4222671,7
689551,112
2208260,7
474506,18
477600,75
487075,7
6593789,9
3159479,142
3036105,156
1171128,41
5746148,87
40603,194
2166862,175
610512,11
691122,94
2936132,48
210155,62
4291729,75
888168,36
5564726,98
3481163,737
1063167,611
3286850,3
2942424,6
2535168,59
4585821,8
2942076,16
2942516,10
5604712,1
2421061,20
475415,32
5740255,259
2940387,20
5284305,71
780101,46
1937652,18
806569,61
2646990,15
1642919,3
2070824,7
507345,26
4005327,2
886615,5
4302755,10
885376,11
4533368,9
3242030,6
5963021,4
856051,51
3912142,9
3645268,3
5598327,10
5956467,2
826369,19
4514916,4
5486379,143
3001600,263
7443245,16
1747331,128
7414362,4
7427305,30
7311902,59
2750001,8
7314643,11
858065,107
2761574,5
513977,18
4556453,31
2535298,18
3305541,10
938050,7
5746073,106
834113,23
1940257,3
2919549,4
4897736,45
7544997,56
3416702,23
5768385,9
3481203,42
8450258,26
2924177,86
3430359,64
5048694,1
2386525,2
2646325,12
1312015,29
872364,23
4807994,8
2067100,10
4806144,22
37957,10
72467,7
380659,34
697422,56
3273467,10
699546,50
2152774,11
1033996,331
562714,184
1165355,26
136412,16
3431359,24
883880,28
7316341,19
878629,4
1546016,12
865127,6
1962218,3
878251,2
2773752,5
855186,4
2936203,3
5380651,5
3267087,6
2939071,6
881574,10
847763,10
48897,25
837778,5
5599125,41
3583057,11
1427453,17
1328566,15
5591920,7
4806153,11
1202467,81
1608206,5
3905550,3
5063000,6
4992704,66
3911635,1
7310685,4
283568,82
5331354,2
5418504,21
4794427,5
839238,10
7481236,12
691961,8
230475,14
5562424,22
545618,4
3899318,2
3233717,146
4283728,51
907576,23
4952533,2
840571,4
5563882,7
3902827,4
2327267,10
829310,6
7313168,9
4984606,3
867422,75
3883372,2
4975361,5
836162,2
2932129,2
1096697,2
3498233,4
4845725,3
5897836,10
5947237,10
3513333,24
4364131,4
2467297,8
7434743,8
700186,6
7422182,7
4011615,17
2474169,7
863237,6
4853359,1
1016999,14
5335535,10
5984156,3
1804659,3
5537449,5
2732921,7
2565370,4
1806863,2
440028,11
1918419,5
4999358,1
2255100,9
4004977,9
3650526,5
3572426,9
7423434,8
4956895,3
863241,5
4727360,24
5419240,24
4382834,52
3905334,3
1108910,8
3084571,8
3105593,1
5826518,4
5814088,4
3213578,1
3562245,2
5388337,6
4259918,6
5742509,4
3925347,3
2440949,1
5402862,14
3882940,23
5139426,1
10069654,1
4215264,1
4215661,1
1267605,1
4215735,6
10069807,1
3224003,4
2887636,9
10070254,1
10070370,1
10070405,1
5459839,3
4220479,1
2535009,2
10070812,1
2460622,7
10070971,1
4220761,1
10030951,2
8373683,2
1068303,4
118740,1
2396036,4
5952382,2
9991969,7
2935801,1
3191603,1
1576401,7
60416,4
4221402,3
4221404,6
10071908,1
10071946,1
7825282,3
10072030,1
10072033,2
10072161,6
4221712,1
4221788,1
7224890,3
10072389,1
10072650,1
10072732,3
1645364,3
3497648,2
4223040,1
10072840,1
4223190,6
4224125,1
4224201,1
4224318,2
3200353,3
4224724,4
708340,5
4224773,1
4224858,1
10073071,2
10073115,1
10073699,1
9826949,3
1090586,15
3340255,2
4225836,1
5762398,21
2802659,1
4226171,2
4226336,7
10074104,1
3116102,4
1986948,3
2780694,13
4121122,5
523383,8
10069398,2
9167274,5
10075292,1
10075384,1
5965145,6
4713085,7
1146743,2
4230097,2
4275180,4
1296483,3
4223030,1
676620,3
6575177,4
4224289,1
4225623,3
10074052,1
10074071,1
10074810,1
3409636,12
10075443,1
4231044,1
4232070,1
3582879,7
3229903,3
4232190,1
10076062,1
8914525,10
9169139,2
10076224,2
10076309,1
10076327,2
109814,5
10076379,2
3383334,4
1577578,5
10076727,2
4232492,4
8940434,7
10076981,1
9991393,3
4232972,1
4233711,1
960333,1
5830494,6
10077484,1
10077515,1
3375574,11
4234280,1
10077789,1
9695936,5
10077869,1
4234661,3
8420408,4
1196846,9
4235048,1
10078004,1
10078025,1
4235508,1
4235534,3
4235533,2
4235638,4
5647861,1
10078155,2
3883280,5
10078181,1
10078221,1
4935294,2
731196,5
10078581,1
3256391,8
10078801,2
4237624,4
4237685,1
8968244,9
10078918,1
6855514,2
661829,1
4239020,1
10079187,1
9706903,2
10079275,1
4238794,4
6930692,1
10079423,1
10079453,1
4240160,1
4240239,1
429170,12
8306491,3
3025714,2
10079828,1
10079913,1
10080065,1
1301500,2
4240505,1
10080177,1
10080185,1
10066139,3
3594900,31
1489692,5
10080397,1
10080421,1
1494637,9
4240728,1
10080492,2
4240835,2
9276463,2
10081449,1
8421609,3
4241701,1
10081705,1
10081816,2
4241939,1
10081852,1
10081913,1
1743785,8
3295904,3
10082045,2
10082048,1
10082111,1
10082144,1
10082168,1
10082353,1
10082383,1
10082478,1
10082511,1
10082513,2
10082594,1
10082604,1
10082636,2
4659058,1
10083150,1
9796934,7
4243010,1
4026790,2
494072,1
9123482,2
10083482,1
5798605,1
10083657,1
4243434,1
10083925,1
6557342,2
4243558,2
368030,2
4243731,1
4243902,5
1954497,1
8904255,3
4244162,1
10084368,1
10084472,1
10084737,1
10084749,1
10084952,1
3268988,2
4244380,3
10085227,1
169354,1
3329108,1
8849524,8
8924407,4
2116695,3
1525956,2
3355012,2
956135,2
4738466,1
1915076,1
4246216,1
3266036,3
10085982,1
4246520,1
4246508,1
10086133,1
10086273,1
10086294,1
4246866,2
10021792,2
10086515,1
10086672,1
4248050,2
10086837,1
4586185,5
4248425,2
4248505,2
4248506,2
10018542,2
525798,2
10087030,1
9001512,4
7474661,1
10087275,2
4249122,1
4943402,6
3898801,1
10087454,1
10087519,1
4249573,1
5779915,2
452912,2
10087646,1
10088057,2
10088108,1
10088167,1
10036047,7
10088623,1
4250678,1
727728,6
3095503,2
330710,2
188498,4
4251698,1
1976402,3
1969190,2
10089308,1
913805,6
10089856,2
4255795,5
5597142,2
10090019,1
4256210,1
4256566,2
4257103,1
4257093,1
4257468,2
4257479,1
2164601,4
4257843,2
5948632,3
1218003,3
10090288,1
10090289,2
10090296,2
6568427,7
9158502,3
1190235,4
80533,13
10090796,1
1645577,7
7323690,12
4258814,2
3593442,4
3568981,6
4258986,1
4259033,1
4259096,1
8944340,4
1679509,3
4259320,2
10091313,1
10091379,2
120414,9
10041435,2
10091628,1
9874843,3
10092114,3
410618,2
10092245,1
4260071,1
9811170,3
4260375,1
10092592,1
10092603,1
10092884,1
10093025,1
2841559,2
10093049,1
1319047,16
9739996,2
4273956,1
3290049,1
10093614,1
10093711,1
4275637,1
4275634,1
4275790,6
8556275,9
3331285,1
4275761,1
4275942,2
4276185,1
3330354,2
1387626,3
1161731,2
10094356,1
10094411,1
10094484,1
4278740,1
4278582,1
4278469,1
9108485,5
1069029,5
10094964,1
1666647,10
2510647,2
10095026,11
10095031,2
7106370,9
2665579,2
4279801,1
10095198,1
431908,4
1345573,2
10095499,1
10095664,6
4280358,1
436145,3
2028466,3
10095911,1
10095951,2
4483928,2
10096043,1
1687100,6
2883758,13
10096158,1
10096207,1
10096238,1
1872234,5
4281012,2
10096272,1
10096315,1
5059126,9
1299618,4
9102265,8
558676,2
4281244,1
4281254,1
454426,4
4282954,1
5464791,1
4226250,3
10097030,1
10097043,1
1295294,4
10047291,4
10097325,1
3299035,1
147111,3
10097627,1
4325335,4
4325449,10
4329013,1
4329187,2
10097946,1
10097995,1
10098049,1
4329517,2
10098308,1
4329721,2
10098339,1
10098526,1
10098578,1
4208423,2
1756943,2
7270983,1
10098834,1
4369210,1
10098906,1
8897973,2
4369642,1
4369669,1
4371755,3
1168862,7
2502049,3
9770874,8
4381733,1
1541584,1
4383889,3
5886039,7
4385041,8
4385853,1
4386255,1
2491035,2
4386719,2
4386732,1
1824637,5
4386788,1
2621597,2
9240410,3
1130245,1
499128,1
9707956,2
4389085,1
1231629,12
10100143,1
4214644,2
10100246,1
10100318,1
1656821,19
3146921,13
4390991,2
4391058,1
4391512,2
4391585,1
4391825,2
4391863,1
4391868,1
4391983,2
2490822,1
10100662,1
1564644,2
9238624,3
439006,5
3367354,1
10100814,1
10100908,2
4399073,1
4399593,2
1176773,16
2419943,7
4400772,1
3358137,2
10101192,2
4145758,3
1238693,4
4402094,3
4403335,1
3685877,1
4403737,1
10101517,2
4404100,1
10101599,1
4404468,1
9287393,2
10101814,1
10101839,1
10101973,1
10102009,1
4406832,5
4410441,3
7722623,1
1307546,10
1105809,3
10102293,1
10102441,1
5121174,1
4103335,1
6724239,9
10102622,1
10102699,2
10102721,3
4407358,2
10102919,1
1611692,2
3353004,2
4408244,1
4408636,2
4408631,2
4410097,6
4410476,2
4195499,5
4411700,5
4412621,1
4414224,4
4415327,3
4416353,6
4417650,16
3084597,7
4418762,1
4418644,1
4420831,1
4421382,1
4421372,2
4438130,1
4438551,1
4438966,1
4439569,1
4439827,1
4439866,1
4440177,2
4440229,1
4440258,1
10103559,2
10103562,3
6542402,1
4149399,6
3899525,2
8833547,4
8833545,9
10103669,1
10103675,1
4440762,3
10103775,1
10103859,1
3395652,2
4441256,1
1662780,4
1309767,5
10104077,1
9881557,10
4441933,2
10104239,1
3011787,3
4442132,2
4442176,1
5703455,1
9791515,7
4157364,3
9919627,8
4628003,5
4443555,1
4444453,1
6118119,1
4444358,1
4444359,1
4444555,1
6088517,1
4444481,1
4445819,1
10104837,1
4445105,1
4445129,1
4445614,1
4445621,1
4445776,2
4445970,1
4446149,2
4446478,2
10104952,3
10104965,1
4515563,3
10105059,1
10105087,1
4447030,1
8771784,18
10105402,1
4447500,1
9012800,5
4447724,1
10105786,1
4448279,2
10105912,1
3003527,9
10105989,1
4448891,1
10106359,1
9781139,4
4721364,3
10106461,3
1008813,2
1646829,4
10106622,1
10106675,1
10106697,1
10106755,1
5770515,2
3219532,4
4449449,1
4449548,1
3323115,11
4449612,3
4839370,7
10106959,2
4449642,2
4449709,1
4449864,1
385530,2
5044236,1
2153632,9
10107399,2
10107552,1
10107602,1
996158,2
4450290,1
10108026,1
10108094,1
10108113,2
10108141,1
4450691,1
10108330,1
4450783,1
4451007,1
3994932,3
8419839,1
4451290,1
7734885,1
7734700,2
7785643,1
4451442,1
4451434,1
10108991,1
10109003,2
10109018,1
10109089,1
2960309,2
10109543,2
4452198,2
10109674,1
10109688,1
4452278,1
10109704,1
9841236,2
9135923,4
10109966,1
4452900,1
10110092,1
10110310,1
2612808,2
10110417,1
3484041,2
5966301,9
10110630,1
9992145,4
8843612,5
694854,2
8936793,2
82942,4
10110870,1
4453479,3
5355974,3
10110976,1
10111019,1
10111035,1
678257,5
10111113,1
10111144,1
10111196,2
4014756,2
10111305,1
1737341,1
10111397,1
10111605,1
10111737,5
7815582,1
4454238,1
4454444,1
1825323,1
9823445,2
10112032,1
10112045,1
4457156,1
10112231,1
4457245,5
10112331,1
9989559,4
4457562,1
4457720,1
10112698,2
10112719,1
10112753,1
10113037,2
10113252,1
10113383,1
10113636,1
10113640,1
731681,2
8387716,2
4458749,1
10114066,2
10043424,2
10114292,1
8800555,12
1169153,6
5193769,1
10114440,1
10114562,1
10114650,1
798952,1
729381,10
10114988,1
9804567,6
3309199,11
351046,1
10115251,1
10115257,1
10115331,2
4460179,1
10115469,1
10115521,1
3905912,4
4460620,1
4460569,1
10115831,1
4460814,1
4460912,2
1860992,1
51963,8
10116182,1
4460390,2
10116263,1
4461545,4
10116610,1
4500651,2
4500710,1
10117063,1
10117085,1
10117144,1
10117256,1
6412255,3
10117443,1
4501237,2
10117511,1
10117563,1
10117748,1
4501665,5
10117861,1
10117952,1
10118019,1
10118234,1
1028299,5
1388969,3
3996281,4
4502986,5
4503228,3
10118416,1
10118547,1
10118574,1
10118598,1
10118635,1
10118971,1
4504253,1
2242225,1
1063884,1
10119518,1
10119553,1
10119767,1
7449335,2
8948882,3
4504948,1
4505071,1
10120255,2
10120282,1
8841296,9
8907101,4
10120587,1
2015260,1
10120626,1
10120778,1
4024725,7
10121217,1
1761454,2
10121414,1
10121436,1
7370338,3
5973848,6
4506956,1
4507077,1
4507084,1
1071254,8
154728,8
9236956,4
10121677,2
1379809,12
10121802,1
4507396,2
9817824,4
4507425,2
10122179,2
10122269,1
10122668,1
4507745,1
4507938,1
10123121,2
3084170,6
4452781,1
9785747,4
10123332,4
10123406,1
5503071,2
10123733,1
4508281,1
8628933,2
10124152,1
3907484,2
3171970,3
3907466,2
3907690,3
4171516,2
3908339,2
3907931,3
1639802,3
3907896,4
1639900,2
4509766,1
4510073,2
4510157,1
4510327,1
4183755,2
4510441,2
3908188,2
616167,4
4510607,1
4510640,1
3908140,3
3908150,3
4511032,2
3908465,5
642196,11
1662871,3
4511679,4
4511670,2
41891,4
4511863,1
4511926,1
955562,3
4511818,1
2563195,1
1347950,8
9120306,3
8840318,6
4310476,2
10124764,2
10124793,1
10124810,1
2552923,1
10125102,1
10125105,1
10125190,1
818857,1
470634,2
10125415,2
10125417,1
10125465,1
7818979,9
9970346,3
4513458,1
10126391,1
10126502,1
10126574,2
10126799,1
10126802,1
4513594,1
10127031,1
8225022,1
10127053,1
10127099,1
10127261,1
4513861,1
4977605,2
4977457,2
4513890,1
7985692,2
4514005,1
3928369,1
10127779,1
10127791,1
10127807,1
963241,8
4514497,1
10127918,1
4514536,1
1816292,11
10128471,1
8579056,1
7544582,5
4515402,1
4515538,3
4515677,1
10128926,1
10129126,1
2166595,2
1148905,3
10129364,1
3219879,5
4170814,7
3471247,10
3283141,5
958585,6
9840168,2
10129934,1
10129974,1
1537036,2
9074017,5
8558656,3
8042538,9
9083438,3
10130496,3
10130512,1
4306345,5
9874410,2
10130604,3
10130709,1
4518534,1
10130796,1
6515780,3
5056550,2
10131026,1
8440872,2
10131031,1
10131048,1
9825828,3
10131247,2
3471034,12
10131512,1
10131550,1
10131738,1
10131854,1
10131918,1
10131944,1
3054205,17
4520297,1
4520368,2
4211709,2
10132662,1
4520469,1
4520486,1
10132865,1
10022553,3
9851611,3
9908736,2
10133609,1
10051698,4
10133753,1
8830503,4
9130323,8
4522942,2
10134140,1
10024564,2
10134280,1
10134312,2
4523564,2
4523779,1
2454593,3
3628662,1
4524159,4
3661266,1
1340566,5
4524461,2
652348,2
4524610,2
4524843,2
4524987,1
4525080,3
4525092,2
2280186,1
1980418,1
9887538,4
4526160,1
4526188,2
7891195,1
10134705,1
10134754,2
10134757,1
4528189,3
4527867,1
10135111,1
10135135,1
4527676,2
4527957,2
10135255,1
4528597,3
4529082,1
4530650,2
9810221,2
10135514,1
10135540,1
1939742,3
3840903,4
4530938,1
4530965,1
10135924,1
4531072,1
1032425,3
10136099,1
10136138,1
10136207,1
4531436,1
10136518,1
3319247,6
9219367,2
10136683,1
10136778,1
4531811,1
10137244,1
532396,1
7084540,4
1319993,9
4055676,2
7477380,1
10137628,3
10137708,4
10137907,1
10138079,2
10138138,1
4532620,1
8831701,7
10138236,1
1271555,2
4532721,1
5535424,4
10138410,1
4532897,1
681045,2
1037777,8
277106,2
10138876,1
5943953,2
10138971,1
3604324,2
10139362,1
9900494,3
4534049,1
4534240,1
10139741,1
4717261,1
10139965,1
2053305,1
4534696,1
10140441,2
4005124,1
9073840,5
10140915,1
4535067,1
10141144,1
4117848,2
10141390,1
10141748,2
1646236,1
10141953,1
4535452,1
10142067,1
10142141,1
5480964,1
3561289,4
681274,3
10142437,1
3581947,2
1148445,24
9761337,2
4535981,1
10142845,1
10142860,1
4835774,4
1312132,2
10143018,1
4536329,1
9256148,3
3126352,2
4538770,1
10143931,1
10143983,1
10144019,1
10144072,1
4539334,2
10144193,1
1669382,1
10144329,1
10144438,1
4538173,1
4541442,1
10144600,1
4540577,1
10145116,1
4541959,1
4542002,1
10145645,1
4542150,1
4543162,1
1729964,2
10146050,1
4543015,1
4543086,1
4543340,1
4543388,1
4542463,1
10146385,1
10146397,1
4543683,1
4543606,1
10146655,1
4543709,1
1564929,2
10147000,3
4544044,2
10147055,1
10147103,1
1034184,2
10012460,3
10147430,1
4545380,1
10147684,1
4551828,2
4544649,1
4538670,1
4547795,1
10148608,1
10148706,1
10148828,1
4544996,1
10149010,1
2143260,2
10149115,1
4547428,1
2805727,1
10149495,1
4549756,1
4549473,1
10149828,1
4550323,1
2841898,2
10149977,1
4550411,1
10150026,1
2268650,1
10150142,1
10150223,1
5027636,1
4551299,1
4549789,2
6663306,2
4551701,1
4544733,1
4546450,1
3560144,2
1597545,1
10151117,2
9791383,2
10151341,1
4800978,2
2299419,4
10151419,1
233303,4
3508516,2
3002231,2
4552627,1
10151608,2
10151612,1
4552934,1
4176506,1
9982642,2
9860475,3
2208308,1
10152326,1
10152552,1
5564270,5
10152830,1
4553927,5
4553929,1
10152893,1
10152982,1
4554275,1
4554393,1
10153562,1
4554484,2
1681670,3
10153671,1
10153706,1
2191923,1
4554844,1
4554875,3
10154027,1
10154047,1
1994197,2
8967941,2
10154176,1
4555132,1
1245850,2
10154421,1
10154589,1
9893620,6
10154932,1
10155033,1
10155076,1
10155360,1
10155458,1
10155476,1
2972418,2
4556298,1
10155972,1
10156006,1
10156025,3
10156026,1
8975345,5
10156198,1
10156314,1
10156557,1
9839420,2
10156652,1
9284625,3
10157183,1
10157199,1
4556694,1
4556736,1
8409033,6
10157294,1
4556748,1
10157427,1
4557104,1
10157706,1
9828077,2
9276802,3
10157930,1
10157974,1
10158077,1
4557787,1
4557930,1
10158208,1
10158289,1
10158343,1
10158362,1
10158474,1
731301,2
8945000,5
2675111,2
10158761,1
4561676,1
569577,6
941194,2
3103265,7
25191,3
9243135,3
10159154,1
10159184,1
3347657,3
4562660,1
10159429,1
10159575,1
10159780,1
10159808,1
406844,7
9746533,2
10159982,1
10159988,1
9195113,3
3900481,2
1578523,3
4285711,5
1501424,20
9911979,3
4564507,1
10160528,1
9829038,7
980606,8
682520,2
10161394,1
962967,4
4565415,1
4565728,1
10161603,1
9073529,2
9073548,3
10161968,1
2664599,1
10162066,1
10162104,1
10162228,1
10162353,1
4003773,2
3054579,3
1001625,6
1702397,2
4567147,2
4567173,1
1992851,1
2901185,2
10162962,1
9788450,2
10163133,1
10163424,1
10163509,1
10163534,1
761938,1
4568551,2
4568499,2
10163928,1
10164099,1
10164211,1
5973487,15
5084266,1
2785669,2
8850531,3
5394427,1
4454617,1
4569164,1
10164611,1
10164790,1
4569375,1
4569409,1
2610298,9
10164931,2
10165006,2
3371888,2
5802763,2
732984,8
4570135,1
3341120,2
10165539,1
441467,2
4570821,2
4571140,1
4571183,1
10165870,1
10165954,1
10166014,1
4571265,1
4571450,3
1074114,1
5525147,1
4571590,6
4571685,1
4796876,2
10166380,1
9126318,2
10166642,1
3273328,3
9956839,2
4572417,1
7615072,1
8682693,1
10166991,1
9224642,2
4572699,1
583198,2
10167417,1
10167459,1
4573023,1
10167497,1
2107719,1
10167521,1
10167596,1
10167811,1
10167821,1
10167912,1
10167943,1
3347061,1
4573295,1
4573410,1
9847152,3
4573510,1
1084557,3
10168245,1
2152297,1
9942418,2
1698002,2
10168829,1
10168896,3
1116259,1
10169187,1
6622962,2
4575117,1
4575151,1
4575182,8
4575275,1
1375112,2
4575659,2
8743985,3
1631816,3
10169907,2
4576073,1
10169927,1
2491544,5
2329830,1
9743362,2
10170217,1
3086522,2
10170928,1
4576755,2
5598170,2
5852972,1
1614046,3
4577254,3
1731472,2
10171798,1
10171828,1
5326364,4
3464292,1
1129494,1
10172189,1
10172199,1
10172296,1
10172420,1
1469759,2
4792704,2
4578428,1
10172771,1
1781684,2
10172975,1
978717,2
10173012,1
10173035,1
4578917,1
10036871,3
9010973,2
3992911,1
10173602,1
10173669,1
4579522,1
4974797,1
10173771,1
10173833,1
1649292,1
10173939,1
3064331,2
4392940,2
4836962,7
10174600,1
10174726,1
10174876,1
3114755,1
4582223,1
4583278,1
4583572,1
10176274,1
4583783,1
4583781,2
10176401,1
8818076,3
10176494,1
10176498,1
10176544,2
4584054,1
8387262,1
10177069,2
10177147,1
10177148,1
1680042,1
4584367,1
10177266,2
10177323,3
7090280,1
10177707,1
10177798,1
10177959,1
4584948,2
9743483,6
9743476,3
10178322,1
7237933,1
10178659,1
1475428,1
10178729,1
4585644,1
10178896,2
9128088,8
1687740,2
9952203,2
300528,2
10179092,1
1961777,2
10179302,1
10179324,1
10179338,1
4586478,1
10179690,1
7576192,4
3910837,1
4587341,1
4587471,1
10180029,1
4624463,1
3362282,3
744149,1
460736,3
4625301,2
3503049,7
1323604,9
3342657,1
3343509,3
4630241,3
3343257,1
4630498,1
10180504,2
10180532,1
10180570,1
10180623,1
10180661,1
4665787,3
4389783,1
3386141,5
10180773,1
1433782,2
10180944,1
4668072,1
4668130,1
4668093,1
4668493,1
10181090,1
4669944,1
4669954,1
4670047,3
283897,1
10181151,1
4670497,1
4670584,2
4670648,1
4670719,1
3894229,2
6603853,1
4672186,4
8744367,3
4672687,1
4672713,1
3337101,1
4676093,3
3102394,3
4678269,4
10181672,1
10181799,2
4679603,2
4680552,1
4681023,2
8948372,3
4681361,1
4254678,1
4681576,1
10182334,1
4683705,2
4684221,1
4684468,3
4684529,3
10182594,1
10182783,1
10182788,1
10182895,1
6661198,2
10183043,1
4687228,3
10183418,1
10183454,2
10183486,1
1830167,6
4689425,2
4690227,1
4723176,2
5541752,2
4124089,3
4691106,1
4691948,5
3699687,1
10183980,2
4693166,1
4892414,1
7407112,4
3033362,3
3323469,7
4695408,3
3359173,4
4696347,1
2341171,4
8814178,4
4696839,2
1528252,4
4697111,2
9955704,6
4697190,2
4697208,1
10185046,1
4793505,5
10185164,1
10185178,1
17829,9
3096680,4
1293832,8
4701570,2
9166537,7
4702086,1
1998671,5
10185479,3
7818415,6
10185599,1
3192930,4
5210198,1
10185763,1
4987055,7
222567,2
1517155,5
4702800,1
4043456,2
10185986,1
5948149,3
9063052,2
5585747,2
4703936,2
85436,4
1366214,6
10186454,1
10186629,1
8891771,2
9713232,2
7550257,2
10186742,2
10186790,1
3925868,2
10186888,1
10187037,3
10187063,2
8873598,4
4705129,1
6859314,2
8276194,2
10187819,1
10187915,1
8368477,3
10044438,3
5510386,5
10188259,1
4496933,1
10188317,2
10188368,1
10188395,1
4706409,3
10188658,1
10188678,1
3317174,6
10188692,1
10188813,1
4706876,2
1950107,3
10189154,1
10189240,1
10189366,1
10189435,1
10189457,1
10189680,1
1323649,3
10189810,1
3660940,3
4013399,1
10190136,1
9909217,16
8839379,3
9137330,8
633644,3
611311,10
10042656,4
10190889,1
10190939,2
10190975,1
10191076,1
8773069,2
10191374,1
10191376,2
10191690,1
638417,1
10191914,1
4261479,1
10191982,4
5521348,2
10192098,2
10192269,1
10192322,1
10192378,1
10192382,1
10192413,1
4711085,1
10192434,1
10192453,1
5666191,1
5870247,2
10192565,1
5362861,2
8582421,2
3163306,1
4712781,1
4712966,1
10193042,1
4713884,1
4712008,1
10193072,1
10193106,1
10193361,1
10193471,1
10193526,1
10193573,2
7146126,1
10193608,1
4716442,1
1229767,2
4593558,1
3392428,8
10194228,1
10194375,1
10194496,1
10194504,1
4717550,1
10194633,1
10194890,1
10194939,3
9030065,5
10195072,1
3052180,1
10195103,1
10195145,1
10195184,1
1673279,3
10195346,1
4718412,1
4718477,1
281288,2
4718524,3
4718573,6
4718578,8
4718588,2
5035376,7
10030987,3
8571227,1
10195662,1
4249291,2
6785852,5
10195728,1
3286598,2
4719298,1
10195780,1
10195911,1
4719508,1
9990059,3
614889,2
10196104,1
10196111,2
10196124,1
9214851,2
8769289,5
4719829,2
4719838,1
3487966,3
10196488,1
3503268,2
4720246,1
10196659,1
4720309,2
1765366,2
10196970,1
10197359,1
10197379,1
4721129,1
9905993,2
10197534,1
4721240,2
10197791,1
4724031,7
8241799,1
10198342,1
3027710,6
4803260,5
10198447,2
4722070,1
4722135,1
10198667,2
5510462,6
10198771,1
10199042,2
10199150,1
7389843,2
6721359,2
3283511,2
10199311,1
4726260,1
2639032,12
6157300,3
4726457,1
959949,1
10199647,1
6742931,4
9985868,3
10200034,1
10200097,1
10200510,1
4727499,3
5560650,2
9183630,4
10200692,1
529070,2
10200827,1
9287654,2
4728169,1
4728261,1
10200993,1
10201013,3
10201152,1
179543,1
2427566,6
9079960,3
10201772,2
8935830,5
10202004,1
10202008,1
1333816,12
10202387,1
4787672,4
1141457,5
4282279,2
10202929,2
4788285,1
2037607,3
3003613,2
4155360,2
10203573,1
2564642,1
10203759,1
4789164,1
4789177,1
9196144,3
10203888,1
4789482,1
10204251,1
8889170,6
10204357,1
8642951,4
4522503,1
5664989,3
10204488,1
1760113,2
10205061,1
4790119,1
1212589,11
3490321,2
4790159,9
3016104,2
4790175,1
10205377,1
6593590,3
10205423,1
10205459,1
4173146,4
5990017,1
7018992,1
8996126,3
8539866,2
4791460,1
9229138,2
10206015,2
10206092,2
10206222,1
4791559,1
10206282,2
4791611,2
10206313,1
7011879,1
996279,8
4791798,1
10206480,2
9986542,4
10206840,1
10206847,2
10206852,2
124536,4
10206929,1
4792367,1
10207130,1
3334487,3
1075511,1
1273172,1
4793699,1
10207639,1
9168727,4
10207744,1
9247382,3
10207781,1
10036238,3
9209879,4
1655493,4
2457896,2
9925609,3
10208308,1
10208321,1
10208323,1
4794328,1
4794599,1
1491450,1
62735,1
8475913,3
10208736,1
10208990,1
2319599,6
4794934,2
9895896,8
10209694,1
10209700,1
4795381,2
5763690,1
269098,1
10209923,1
10209931,1
4795556,1
9148057,3
10210094,1
4795804,1
9943034,3
10210253,1
10210266,1
4795965,3
7777899,1
10211119,1
4796167,1
1452862,5
10211582,1
10211633,1
10211722,1
2680843,1
4796923,1
4960842,5
4797683,1
10212136,1
10212295,1
9010172,3
4797864,1
10212815,1
10212834,1
10212947,1
10064063,4
10213107,1
2468490,1
10213207,1
10213215,1
3408926,6
4584628,8
10213676,3
10213701,3
3348882,5
1419031,10
10214046,1
4799910,1
65249,4
2538794,2
10214466,1
8290281,3
10214697,1
2927999,2
8795330,11
10215016,1
4800654,3
3349773,2
10215390,1
10215474,1
10215505,1
10215641,1
4802189,2
4802202,1
3469985,5
4802267,1
4802417,1
4802757,1
4802786,2
4022926,1
302142,7
1760511,2
4803203,1
4803222,1
4803270,2
4257240,1
4803726,1
4803706,1
4803646,1
4803465,1
4804141,1
3192766,1
1200676,3
1623640,2
10216300,1
1859839,4
9815011,2
10216529,1
10216590,1
9892045,2
1154333,3
9781576,2
197503,7
96466,9
10217210,1
10217244,2
10217261,1
8377528,2
7408740,1
10218138,1
10218355,1
4807512,1
4521924,1
10218645,1
10218689,1
4385977,7
2673189,3
10218728,1
1574254,6
4807968,1
4808072,2
4808269,1
9005590,4
4808554,1
4896117,1
8080217,2
281260,2
10219466,1
4810044,1
4810099,1
10219597,1
4810281,6
10219767,1
228784,2
4811729,1
367531,2
4812363,5
4812449,1
4812788,2
4812803,1
3900751,2
4813013,1
4814591,2
1188625,1
6615614,3
9067693,2
10220321,1
8375852,10
10220496,1
10220546,1
10220548,1
10220549,1
10220619,1
4815290,1
2686857,2
10220926,2
10220964,1
3572259,5
697137,2
10221396,1
4815783,1
4815836,1
10221700,1
2317244,4
9748811,4
10222175,1
2257822,2
10222292,1
4816440,1
4816505,1
9063669,5
1316413,3
4816670,1
2601910,1
4816957,1
10222846,3
8573738,3
10223269,1
4819103,2
10223432,1
1592814,2
5484859,3
10223486,1
4819339,1
4819384,1
4819527,1
4819546,1
3030930,2
2993683,1
4819684,1
4496520,1
4820037,1
4820067,2
4820993,1
4821064,1
3590803,4
3390826,10
4821691,2
2794723,1
3093330,1
1239827,1
1571812,2
10224447,1
10224536,2
10224561,1
9722156,2
4823929,1
9830454,2
10224789,1
4824013,1
531616,2
10225024,1
10225174,1
5515580,2
2907516,1
9088708,2
4824934,1
10225742,1
4825135,1
4825064,2
8807482,6
10225923,1
391179,5
4826644,3
2952510,2
4826650,2
10226234,1
10226331,1
3045280,2
10226382,1
1374750,6
9720379,2
4826969,2
3905271,2
10226641,1
10226659,1
3580383,2
3047940,1
10226923,1
10227006,1
1147521,3
10227179,1
10227366,1
3568373,6
10227785,1
6718288,3
4829312,1
3309095,6
7180911,2
1350697,2
1480515,1
1350707,3
3915932,3
10228308,1
1867665,3
1368522,2
7636365,2
4830290,1
10228802,1
10228835,1
6512362,4
4830542,3
2460632,4
4830944,1
8436164,2
3305035,1
380296,1
10229621,1
3042168,1
4831961,1
52881,2
4832159,1
4832288,2
10229867,1
9891934,2
4833069,1
1216789,3
4833217,1
4833647,1
2081790,2
6522932,3
8828590,4
2865256,3
4834203,1
3113638,2
3113588,2
1775775,2
2374411,2
4834406,1
1623511,2
10230824,1
10230971,1
10231020,1
10231221,1
4834901,1
1622739,3
10231342,1
1570344,4
1011200,5
4835700,2
10231578,1
4790827,2
10232186,1
7263430,2
10232285,1
4836438,1
4836530,2
4836789,1
4836834,1
1664885,3
10232906,1
10232932,1
1743256,3
4758505,1
10232986,1
1760518,3
10233145,1
10233277,1
205395,2
1020002,2
9885283,3
1386842,3
10233826,1
4838520,2
4838571,1
10233957,1
4838673,1
3239551,3
10234674,1
1667006,1
6874051,1
4839453,6
519018,2
10235148,1
10235206,1
4839747,2
10235350,1
155961,3
9063600,2
4840094,1
10235443,1
10235514,1
4377940,1
4840381,4
3485889,2
4840410,1
1866281,2
305632,2
8994264,4
4841114,1
4841501,1
3262578,2
1218534,2
4185935,2
2400740,2
1308676,5
4842269,1
10237123,1
10237164,1
8986738,3
8986741,3
4842856,2
4842854,1
10237269,1
9264539,3
4843560,1
4843617,1
10237422,1
549415,1
9857566,3
10238033,1
10238215,1
4844431,1
10238383,1
4844712,1
208230,1
4845337,1
9789759,3
10238897,1
10239229,1
10239276,1
4845503,1
10239539,1
2413605,2
1456544,3
203365,5
8887769,8
10239767,1
1451538,3
282159,3
4846273,1
10239940,1
3383892,3
3071915,1
10240104,1
10240127,1
2616298,1
1661216,11
4846491,1
10240295,1
4846646,1
10240388,1
10240398,1
1156170,1
4846905,1
10240825,1
4847363,2
716922,2
10241142,1
10241282,1
4847925,1
10241392,1
8597281,8
12412,6
10241738,1
10241825,1
5558000,1
10241918,1
10241961,1
10242015,1
10242092,1
10242261,1
4848985,2
4849124,1
8775139,4
10242483,1
10242484,1
9915272,7
10242631,1
10242652,1
10242688,1
1147259,2
10242710,2
1379733,1
4849486,1
9229133,2
10242932,1
10243312,3
10243398,1
10243684,1
10243728,1
87890,3
10243989,2
10244173,1
10244269,1
10244270,1
4850510,1
1687314,2
9748759,3
10244828,1
2869181,3
10245356,1
10245882,1
10245903,1
10245917,1
10246204,1
8881107,5
10246229,2
3821529,2
8421460,5
997147,10
10246544,1
10246741,1
725999,2
10246817,1
10246831,1
10246869,1
9823092,2
4852144,1
10247073,1
4852216,1
9744547,5
8556933,1
10247192,1
10247333,1
10247340,1
4852464,1
10247392,1
10247419,3
10247646,1
10247896,1
9789886,2
10248235,1
7282108,1
4853076,2
845301,8
5773440,3
570306,4
4853523,1
10249043,1
4853607,2
10249141,1
4853803,1
4853842,1
8357039,1
9953262,8
10249903,1
10250008,1
4854788,1
831501,3
9919664,4
10250245,1
4855027,1
10250379,1
10250425,1
10250509,1
10250580,1
10250626,1
10250668,1
9791070,2
10250755,1
691363,2
9180380,2
9025801,5
4144342,5
10251192,2
10251218,1
4859797,1
10251253,1
10251354,1
10251443,1
10251454,1
10251456,1
4860691,1
2773265,3
1753389,8
4861424,4
2484418,2
4862057,1
9106733,3
10251556,1
4862538,1
4862934,1
4863120,1
4184223,4
4863259,3
4863272,1
4863895,7
4864250,2
4864334,4
3402583,2
10251681,1
4799394,1
3921432,7
4054445,2
3921223,3
9017057,3
4865942,1
3191982,2
6620783,3
5861410,1
10252407,2
4932560,2
4867105,1
4868591,1
4869976,1
87700,9
4870310,1
10252816,1
4043548,3
5736872,2
3133935,1
4876496,1
4876888,1
4876894,3
10253329,1
8629037,3
3064284,3
4881885,1
1018548,5
1347051,2
10253673,1
10253684,1
10253720,1
10253725,1
6928145,2
10253826,2
4890654,2
4890658,1
89573,5
4891342,1
4891656,1
284922,9
10254262,1
10254277,1
10254349,1
10254593,1
10254595,1
10254645,1
4898584,6
4910759,2
1278711,1
10255402,1
10255674,1
5494927,3
7791823,2
10255819,1
10255823,1
10256079,1
7796072,2
1742627,1
10256615,1
10256685,1
7091533,1
7942315,1
3391744,4
8606815,2
10257167,1
7798377,2
7096662,1
1041204,3
8047456,2
1644332,6
96864,7
3401413,4
10257751,1
7112823,2
2382989,1
10257908,1
7942259,3
5892521,2
10258224,1
10045454,4
4933431,1
4933534,1
4933666,1
707989,1
4933770,1
4933795,1
4934080,1
4934245,1
484575,4
3424430,1
4934526,1
1414647,3
4934765,1
3305513,1
4935133,1
4935143,1
4935301,1
4935421,1
4121242,1
4935616,1
4935815,1
1519553,4
1085885,1
4936091,2
998857,2
10258659,1
9188194,2
4076425,2
4936995,1
3415582,2
1750589,1
4937845,1
4937924,1
10258825,1
4938342,1
4938365,2
4938422,2
4938460,1
4939024,1
4938604,1
1107187,3
4939042,1
4938755,1
8949636,2
3400536,2
1681110,5
4940743,1
2423337,3
4941427,5
2292679,2
4942408,1
5008397,2
3033274,2
10259021,3
3322887,3
4942847,1
4943242,2
4943329,1
9059673,4
2709962,2
10259291,1
4944917,1
10259401,1
8780826,3
10259502,1
4945475,2
4945557,2
4945782,9
4945821,1
4946665,1
3412918,1
10260050,3
4946694,1
8460176,2
3417761,5
4946834,1
10260241,1
8072575,2
10260403,1
10260436,1
611303,4
4947203,1
4947228,1
2443669,2
10260692,1
8833863,3
4947389,1
10260853,1
4947574,4
4947722,2
10261167,2
10261245,1
1563062,6
10261562,1
4948779,1
492071,2
796362,4
4950008,1
4686570,4
10262456,1
10262561,2
10262574,1
4950815,1
10262734,1
4177608,1
213971,3
10262829,1
4951238,1
10263043,1
9135697,2
10062839,2
10062835,2
10263399,1
1647167,2
8834103,7
9220969,2
10263760,2
9247906,2
1422305,1
4952740,2
9738680,3
10264606,1
10264784,1
5523199,2
4953254,6
5381548,3
3370894,2
1253599,2
970027,5
4953516,1
3514840,2
4953586,1
10265527,1
4953643,1
10265662,1
5345066,2
10265859,1
10055660,2
9733391,3
5563479,2
10266296,1
4954610,1
10266922,1
9284669,5
10267134,1
4954929,2
9838119,3
10267377,1
10267406,1
5872181,1
10267554,2
694305,1
10267697,1
10267790,1
9808039,2
4955385,1
8999606,3
10268327,1
5252498,3
10268686,2
3479877,4
10268734,1
7604746,3
10268765,1
4956161,1
7162934,1
10268855,1
10268857,1
10268944,1
436452,4
4956535,1
9157099,4
10269125,1
7818191,2
10269410,1
6505034,3
10269667,1
4956805,1
10269820,1
9905008,4
4957219,1
3061735,12
4075954,1
4957936,1
4957946,1
10270487,1
1331041,4
3173414,3
1075600,1
4958231,1
8969386,2
10270879,1
10271162,1
3910454,7
10271513,1
4959358,1
5507184,2
4959419,1
4959456,2
10271608,1
7736670,1
4959573,1
10050493,2
7530803,1
5975378,1
4149396,2
10272129,1
1718602,2
5837410,2
2868189,3
4960771,1
3055897,1
5567772,1
3901041,2
351132,1
7548306,5
4961231,1
2988378,2
3535750,1
2409082,1
6872329,1
10272996,1
10273124,1
4961668,1
10273192,1
10273207,1
4961800,3
9141997,5
5169848,1
10273934,1
4962109,1
10273946,4
10273980,2
10274047,1
5750628,3
10042375,2
7601945,4
10274565,1
3158318,3
4030770,2
10274791,1
7063877,1
9740973,3
4962886,3
10275034,1
5770224,6
4962959,1
10275308,1
9808653,4
7885510,1
10275578,3
8825273,2
10275692,2
10275696,1
9838673,4
3024457,4
10275921,1
8411429,3
3424428,2
4612185,1
4963762,1
4521273,1
4963845,1
1037359,1
10276189,1
2959381,1
10276308,1
10276622,1
10276642,1
10276821,1
6525729,2
9816356,3
10046996,2
3514695,1
273906,1
7384082,1
2951357,9
4970458,3
10277609,1
10277837,1
4628439,3
10278020,1
3269554,2
6929390,1
10278046,1
10278114,1
10278145,1
3277997,2
4443434,8
10278272,1
1100980,2
10278472,1
9277561,3
4971056,1
10278648,2
3072978,2
10278807,1
10279343,1
10279384,1
8922812,2
10279762,1
10279874,1
9909657,3
614465,11
10280058,1
4457452,2
4972157,2
4972189,1
5573068,2
10280606,1
10280636,1
5802102,4
4972692,4
4973023,1
8044850,2
9998464,3
9911804,4
4973443,1
1346833,2
7795166,3
10281101,1
724152,1
3482181,1
10281317,1
4973874,2
9122135,8
2963773,2
1283558,1
10281668,1
4974092,1
636102,5
4974148,1
4974241,1
10281906,1
10281990,3
2480414,2
10282009,1
236946,2
10027447,2
10282171,1
10282195,1
10282237,1
4974828,1
10282270,1
4974850,1
10282387,1
10282407,1
10282576,1
9279467,3
4744789,1
10282970,1
232685,3
4975691,1
1486503,6
10283814,1
5811265,2
10284189,2
4269255,3
10284282,1
10284460,1
4977405,1
10284685,1
10284745,1
10284754,1
10284828,1
10284931,1
4977518,1
3596753,2
10056631,2
1261769,1
4830589,2
7790622,7
3367660,5
10285661,1
10285670,1
10285689,1
3839367,1
10285791,1
3114691,2
4978181,1
4078228,1
9987385,3
4978362,1
10285962,1
5512200,4
4978744,1
3987251,2
4979175,1
4979215,3
4979260,1
4979290,1
10286521,1
4287624,1
10286721,2
10286755,1
10286991,2
10287137,1
10287343,2
10287389,2
4368804,1
10287682,1
3919870,2
3904825,3
3912761,1
10287825,1
4980140,4
10288444,2
10288451,1
9043417,2
7098724,1
4916213,3
1806940,4
4981031,1
4858696,3
10289117,2
4981263,1
9991750,2
4981293,1
10289357,1
4981335,3
4981344,1
7707093,8
4981451,1
4981461,1
2991338,2
10289606,1
4518165,1
2861925,5
10289727,1
10289897,1
4982184,1
4327665,1
10289972,1
10290077,1
4982549,1
10290333,1
10290733,1
3361992,3
10290946,1
7134235,2
10291167,1
10291181,1
7410629,6
4984178,1
4984259,1
2172016,1
10291683,1
10291722,1
10291832,1
4206812,2
10292085,1
5807850,4
10292217,1
4985058,1
6844334,1
10292355,1
6118167,1
6854583,4
10292508,2
1475834,2
10292581,1
10292733,1
4259480,4
8372713,4
10292875,1
7174383,1
10293034,1
10293122,1
2915807,3
10293202,4
3365614,3
1075615,1
10293358,3
10293399,1
10293526,1
10293655,1
10293656,1
3734969,1
4986256,1
10294040,1
10294090,1
4986674,4
10294263,1
10294456,1
10294564,1
10294998,1
1813841,1
4988540,1
10295303,1
10295329,1
10295334,2
10295464,1
10295573,1
544226,2
10295886,1
4759298,2
10295977,1
4989403,1
4989494,1
7185746,1
8469783,2
8797290,4
10296520,1
1653349,4
10296608,1
4990022,1
4990265,1
9030910,2
4990466,1
2008103,4
3968906,1
10297582,1
10297755,5
1130921,1
10298058,1
10298090,1
1774974,6
10298287,1
10298345,1
10012104,2
8144189,1
10298512,1
480260,1
5562779,3
10298739,1
4992348,1
1419117,1
9107717,2
2536909,3
9148872,3
10299388,1
10299499,1
10299530,1
10299535,1
4992587,1
4992648,1
180854,1
10299953,1
4000371,2
4699114,1
10300385,1
7534207,7
10300852,1
5777545,2
10301273,1
8794870,2
4994291,1
10301418,1
2888468,1
10301731,1
4994646,1
4994710,1
10302203,1
4995065,1
9820116,2
10302484,1
10302671,1
9260969,2
10302771,1
10302787,1
4995435,2
10302803,1
1779268,3
10303027,1
9168961,2
10303294,1
10303386,1
1648229,1
4995953,1
10303425,1
10303699,1
10303951,1
4996360,1
4996434,1
10304330,1
735696,2
7142265,7
10304496,1
10304594,1
9046806,4
9146048,3
10305163,1
10305215,1
4997114,1
10305360,1
4997163,1
8954633,3
10305376,1
878244,1
10305553,1
10305637,1
9231021,5
10305798,1
8975324,4
4837648,2
8975452,11
2993953,3
2619701,3
4998436,1
4998424,1
10306332,2
4998476,1
10306588,1
1382804,4
10306629,1
1522050,8
4999121,1
10307052,1
4999643,3
10307075,1
7813399,2
4999769,2
10307133,2
4999776,1
5000209,1
3439411,2
10307462,2
10307485,1
4301753,1
3174531,3
1536242,6
10307806,1
5001315,1
10307932,1
10307987,1
7389632,2
2991543,1
10308085,1
10308090,1
10308201,1
378360,2
10308258,1
8928453,3
9846427,2
10308966,1
5001885,1
1068823,2
10309185,1
10309246,1
5002300,1
5002394,1
5002404,2
10309438,1
5002627,1
10309486,1
10309519,1
5002817,1
10309558,1
4487253,1
10309671,1
992596,2
8797011,3
9943016,3
5018214,1
4470675,2
10309904,1
5003077,1
5003269,1
8878786,2
10310400,1
10310473,1
5754102,2
1650309,2
10310604,1
5006244,1
10310689,1
5006434,1
10310784,1
5006512,2
6308989,1
453737,1
452970,1
10311146,2
2077638,1
382108,2
602452,4
3190478,1
5512663,4
8804260,2
5007440,1
4259037,1
10311668,2
10311841,1
2037806,2
9808351,2
435405,1
279241,1
10312282,1
10312679,1
10312726,1
9860761,2
5027284,1
10313019,2
5029171,4
5029288,1
10313308,2
5029418,1
10313346,1
5029507,1
5029528,1
10314017,1
10314064,2
2498573,1
3885364,4
4062904,3
10314367,1
10314456,1
9102631,2
9861560,2
9260976,2
10314945,1
2774505,2
3413733,2
7183077,2
8713702,2
10315215,1
10315257,1
10315283,1
10315347,1
8876525,4
10315488,1
5031199,1
10315612,1
3208586,1
10316022,1
5420648,1
5031531,1
5031624,2
281216,4
5031704,1
9851233,2
3580016,2
277499,1
10316482,1
4145254,2
8833478,2
5035750,1
10316923,1
8299278,1
10316959,1
7452634,2
10317014,1
10317046,1
7282507,1
5036665,1
10317496,1
10317581,1
3285362,1
10317921,1
10318168,1
10318300,1
10318509,1
7328338,4
10318656,1
10319469,1
8758935,2
10319509,1
10319647,1
10319788,1
384699,4
9856395,2
5038718,1
5038856,1
260327,1
9193667,2
10320226,1
8139009,1
5241142,2
5039167,1
10320350,1
10320373,1
8171874,1
10320725,2
10320881,1
249914,5
2889657,8
10321156,1
10321189,1
5039958,1
4044431,4
5041204,1
4781497,1
10322059,1
894028,1
8892520,7
10322343,1
10322454,2
5048379,3
10322745,2
10322769,1
5928272,1
7741575,1
10323022,2
2983823,1
10323118,1
10323123,1
10323298,1
10323395,1
10323578,1
914111,6
10323616,1
5049488,1
7402945,2
10323748,1
2004604,2
5049794,2
10323918,1
9019817,3
10323952,1
10324004,1
8181368,1
10324422,1
10324582,1
10324685,1
10324803,1
10324838,1
10324873,1
10325034,1
10325089,1
9945385,2
10325454,2
10325508,1
10325558,1
9971495,2
10325808,1
5056542,4
3279370,21
10326002,1
5056963,1
10326135,1
10326162,1
4002125,1
10326164,1
689261,2
2454504,3
6152460,1
10326587,1
3297921,2
3298125,5
5058345,1
277275,5
742954,2
1414274,3
5058844,1
5058838,1
5058890,1
9161700,2
5059226,2
8160615,1
10326914,1
288817,6
1281617,2
10327274,1
10327310,1
2867050,1
1278712,3
2197398,1
1274848,1
10328436,1
10328746,2
9073047,3
5062263,1
9285507,2
10328878,1
907995,2
5062488,1
10032519,2
3344442,4
10329272,1
10329290,2
10329313,1
3460665,2
9216751,4
9216738,2
2186967,1
8912970,9
9787157,2
431619,5
217589,2
10329729,1
5062964,1
5063085,1
2348854,3
3597236,2
9895396,2
10330206,1
5834111,5
5063685,1
10330270,1
6578522,3
10330425,1
2863121,2
1072031,9
5064108,2
5239719,1
8820195,2
8339203,4
10330865,3
5330858,2
4544388,1
10330960,1
272028,1
2425634,1
2825688,2
5331292,1
10331222,3
5331493,1
10331894,1
10331910,1
10332014,1
10332154,1
10332168,1
4080091,1
5332914,1
5332948,3
10332558,1
714437,5
10332764,1
10332810,1
5333099,1
10332859,1
9118122,9
9912046,6
1444688,8
10333033,1
10333288,1
8476496,2
10333387,1
10333541,1
8821874,2
10333773,1
2080653,1
1609326,3
10333871,1
5333386,2
1454056,1
10334079,1
10334625,1
3501330,4
10334742,1
10334922,1
5335961,1
5336156,2
5336269,2
5336415,1
3921042,2
5975493,1
3919747,2
492912,1
5336441,2
9985656,4
3024489,2
5336701,2
10336032,1
10336138,2
3211486,1
3564567,2
10336254,1
10336311,1
10336341,1
10336639,1
10337293,1
3615672,4
10337329,1
10337470,1
8905682,5
10337650,1
10337791,1
5801684,5
5346671,1
10337957,1
1655369,15
3216796,3
5347390,2
10338741,1
3920987,2
2963757,1
5347790,1
1862417,2
4353521,2
8045074,2
10339316,2
5348127,1
9203150,3
3907843,2
5348411,1
5348563,1
3573319,4
10340437,2
10340458,1
10022388,3
10340675,1
5349304,1
10340776,1
4284463,2
10341497,1
10341519,1
5350558,2
6839336,1
5350972,2
10341876,1
3979342,1
4793812,1
3010141,1
10342288,1
9915043,6
9117709,2
939853,2
5351822,4
5351843,2
5352076,1
2679393,1
5352457,1
1740013,4
5352634,1
10342849,1
5353178,1
10342996,3
5353703,1
10343276,2
10343303,1
10343477,1
10343482,1
10343640,1
10343907,1
9021743,4
10343954,1
9068233,2
5354763,1
5354872,1
10344261,1
5354943,1
10344473,1
1582741,3
5355250,1
8837918,5
10345029,6
10345065,1
9261935,2
676144,7
10345332,1
3288082,2
3028791,2
2450644,1
1053098,7
10345760,1
4119448,2
10345837,1
5357279,1
10345895,1
10345992,1
10346273,3
9923158,3
10346474,1
3407965,1
10346948,1
5357865,1
7837714,1
10347098,1
3823226,3
10347166,1
7622089,2
1348922,2
10347621,2
10347767,2
10347880,1
10348048,1
8628053,1
10348354,2
10348519,1
10348632,1
9028947,2
10348806,3
10348807,1
5359301,2
10348856,1
93456,12
5359776,1
4950019,2
5898626,2
10349138,1
1927664,1
4706492,3
1130803,4
10349471,1
8820445,3
7978766,4
10349554,1
124200,2
5361068,2
1518750,2
5361530,2
5361596,2
8828426,3
5361720,1
9121333,2
9981725,2
8635768,2
5362140,1
10350601,1
5362723,1
10350716,1
5511907,5
10350778,2
10350958,1
5362989,1
10351085,1
9712963,4
5363137,2
9762937,3
10351282,1
5363269,1
10351326,2
5363331,2
10351332,1
10351576,1
10351627,1
5364002,1
10351699,2
10351912,1
3459679,2
226015,1
7402157,4
10352255,1
2842255,3
10352385,1
7688777,1
10352475,1
18470,8
5364872,1
10352565,1
5364889,1
5906343,2
5365112,2
1340487,1
5365337,2
10353124,1
10353383,1
10353409,1
10353712,1
5366163,1
10353844,1
5366761,1
1811744,4
5033332,3
1051606,4
47775,1
8385134,1
5370554,2
3674944,2
10354697,1
10354896,1
10355058,1
10355059,1
5371569,1
3235149,1
10355557,1
5371827,1
10355612,1
5986109,1
10356268,1
10356441,1
10356566,2
10012482,2
5372574,1
8471148,3
10356708,3
10356731,1
5374729,1
10357669,1
5374742,2
10357814,1
5374753,1
9818554,2
10357962,1
10357994,2
10358012,1
10358068,1
10358109,1
10024852,2
5376120,1
2629313,4
6893956,3
9258378,3
3667053,1
1239032,3
10358624,1
10358645,1
10358724,1
2380029,1
754390,1
2239189,2
9209882,2
5379242,2
5379980,2
10359521,1
10359567,1
5542080,2
10359730,1
3416765,3
10359794,1
5159023,2
233891,3
5381579,1
5381607,1
8554597,1
10360226,1
10360401,1
10360426,1
10360528,1
10360593,1
10360636,1
505920,6
10361220,1
10361291,1
10361414,1
1765038,1
10361551,1
1971764,6
10362057,1
5383293,1
5383441,1
10362344,1
5383576,2
10362458,1
349001,1
9837947,3
9041534,7
5383838,1
5383843,2
7294186,1
1586491,2
10363037,1
5414840,5
5063302,8
5385749,1
9038818,4
10363527,1
10363795,1
4556425,1
10363926,1
10364174,1
10364221,1
4335570,1
10364401,1
10364436,1
10364710,1
10364726,1
10364743,1
9083168,3
10364937,1
10364995,1
10365032,1
2438789,1
62523,2
10365405,1
5085230,1
5386932,1
8160660,3
9018958,2
1290143,7
10365620,1
10365644,1
10365696,1
5387738,1
971069,6
10365838,1
10366123,1
6056340,1
4838949,1
4167116,1
2668206,1
10366531,1
8168000,1
1010875,5
1319603,2
5389233,1
5389353,1
10366816,1
4483415,3
10366957,1
10367339,1
10367869,1
1356716,2
10367993,1
10368004,1
10368053,1
10368207,1
10368391,1
10368515,1
5390292,1
10368677,1
10368860,1
10368979,1
10368999,1
5390448,1
10369194,1
5390578,1
2055398,2
734349,4
10369591,1
6855643,1
10369767,1
10369821,1
10369830,1
10369914,1
5390857,1
8986545,5
10370193,1
10370202,3
6549046,2
1607681,2
10370467,1
10370663,1
10370740,1
10370813,1
10370844,1
5391065,1
2936408,1
5391138,1
5391156,1
5391254,3
10371397,1
5391551,1
10371525,1
1742953,4
9714868,2
5392276,1
5392322,1
10062314,3
10372367,1
10372415,1
5398314,2
10372582,2
5398766,1
10372684,2
10372813,1
10024849,3
5831317,2
10373122,1
10373134,1
5814278,2
5399523,1
10373360,1
5399576,1
6027814,1
1578193,5
10373553,1
5399789,1
62521,4
10373795,1
9898396,3
10374162,1
9227804,7
10374426,1
143556,4
1043622,3
5403564,1
5403737,1
5404212,4
10374969,1
434285,3
5404278,1
1891995,1
435425,1
1733086,2
5404312,1
1855099,2
423086,1
10375258,1
5055272,2
10375544,2
10375601,1
3879073,3
10375638,1
5404540,2
5404732,1
4686198,2
5405020,1
202861,8
1235857,2
5405714,1
10376475,1
10376581,1
452922,1
2050318,3
10376731,1
3964582,1
8788220,4
9036808,2
895148,2
1986721,2
5407039,1
5407137,1
10377176,1
9975169,2
5407175,1
6451227,1
1235671,5
5724775,1
9158932,2
10377704,5
10377710,1
5407862,1
9117264,2
9992194,2
9815349,4
10378196,1
3439548,3
10038008,3
10378480,1
10378553,1
5408984,1
10378744,1
5409068,1
10378764,1
4274287,1
10378850,1
10378889,1
5177470,2
10378955,1
10379016,2
4282092,2
10379034,1
5410034,1
5410506,1
5411273,1
10379127,1
10379606,1
10379735,1
10379791,1
9860778,2
10379900,1
4052335,3
9753430,2
4359192,1
5412103,1
2974803,2
10380547,1
1145159,2
1300763,4
10380611,1
10380784,2
10380820,1
10381021,2
10381060,1
4824165,1
5413278,1
5413328,1
1430308,2
10381358,1
5413387,1
9850546,3
9256773,2
1085618,5
10381731,1
10381746,1
9190542,2
5413974,1
3301742,1
5570170,5
5415127,4
3934126,1
10382758,2
10382819,1
10382890,1
10383038,1
10383242,2
10383513,1
10383519,1
4559328,1
926135,4
5416074,1
1162803,5
9147841,2
8902185,3
10384286,1
10384301,1
10384324,1
5416595,1
700050,1
1072771,2
10384365,1
4801663,5
2455528,1
7599214,1
5417202,1
9936152,3
9933571,2
10384709,1
5417754,9
8912376,3
10385113,1
10385202,1
5418422,1
5418549,2
3155174,2
7797064,2
5418900,1
5419011,2
10385510,1
5621308,2
983122,3
3063765,3
10385894,1
10385957,1
10386171,1
10386172,1
10386181,1
10386351,1
10386352,1
10386366,1
5419554,1
5419652,1
10386694,1
10386910,1
5420094,2
5455368,1
5455649,1
5456227,1
5456272,2
10387195,1
5456320,1
2380896,5
10387262,1
3029194,2
3102358,3
1064343,1
2930597,2
3060440,2
248943,9
5458294,2
3358432,3
10387475,2
10387479,1
5459498,1
5463382,1
5465368,1
299302,3
3072446,4
5466679,1
5466807,1
5466860,2
10387913,1
5467664,1
3342020,1
10387953,1
4076167,3
3368998,9
10388352,1
5468016,1
7595582,5
3225956,5
10388607,1
5469007,1
5470170,1
5471080,1
1042112,3
4632442,2
7268379,2
4068314,1
10389276,1
10389311,1
2538239,1
3240769,1
5264574,1
10389785,2
5974978,3
5472434,1
10390293,2
5475296,1
10390421,1
5473341,1
4118187,1
2918808,1
5474196,2
5472742,1
5476469,5
5476507,1
5476617,2
5477467,1
5473018,3
5477579,2
5478448,1
9944417,2
4113290,1
5480841,2
5481072,1
10391140,2
5024267,1
9959428,2
10391614,1
3904896,3
5483383,3
5483633,2
8249606,1
10391767,1
1821722,5
1718068,1
5485035,1
5485084,1
1750235,1
3259797,1
6872468,1
5486330,1
8851543,2
10392411,1
10392452,1
10392465,4
4090942,3
10392493,1
10392535,1
8903262,2
8418734,2
10392691,1
5487050,1
3315763,1
5487354,1
5487396,1
10393088,1
3216296,5
1071384,2
7389069,6
6866019,1
5489106,1
5982528,1
666711,3
5489916,3
5490234,1
5490258,1
5490299,5
5490353,1
5490484,1
5490846,1
188853,1
1730497,1
5490920,2
1002977,6
5492193,1
10480596,2
7571355,1
10623692,2
7571606,1
8686681,6
7571698,1
7571787,1
11032423,1
11032539,1
11032683,2
11032742,1
7573394,1
11033220,1
8108355,1
11033411,1
11033471,1
1567440,4
10812065,5
1089929,5
7574846,1
3919251,5
7574949,1
11034174,1
11034178,2
3340387,2
7575357,1
7575407,2
4663318,4
5757254,1
6755850,5
7587727,3
6864426,2
10424165,2
7575949,1
11035244,1
11035252,1
5043925,5
7576781,1
11035664,1
5734286,7
11035678,1
11035748,1
11035767,1
11035916,1
11035939,1
2827291,1
8322504,5
1519937,5
7582019,2
7582156,6
11036481,1
386528,2
7582551,2
10785734,4
7531485,2
2106755,9
11032047,1
11032753,1
11032833,1
11033372,1
11033500,2
11033847,1
11013520,4
7574922,2
5465588,1
7577158,1
11035855,1
11036008,1
6050385,2
1156532,8
7582118,1
5505366,1
11036538,1
11037018,1
3729162,1
11037227,1
11037408,1
7486551,1
11037532,1
7585465,1
8042157,5
7188037,1
7585760,2
7585776,2
7583747,1
7586404,1
11038119,1
11038156,1
7464544,1
1011481,10
4676424,4
7586810,1
11038288,1
646498,8
8582518,2
7587401,1
2701768,2
4014318,8
7587843,2
7588000,2
1688769,1
9153490,4
8686591,2
11039009,1
1779887,2
11039086,1
3059944,5
11039142,1
11039161,1
1486573,7
7754712,2
7588918,1
3491208,4
10538664,3
11039351,1
2314537,2
5778098,1
9175414,2
1551623,1
1893446,3
3104613,3
1469459,1
9818441,3
3578187,3
7394932,5
6876428,1
8767069,3
3062445,6
7591511,2
11040523,1
7591540,1
11040554,1
7491482,1
1887829,2
7592027,1
7287133,1
5896376,2
5471298,2
11041182,1
7592604,1
11041441,1
8113345,1
3391888,3
11041471,1
7592725,1
7592774,1
10796852,4
7579302,4
7593308,1
7593325,2
7380448,3
10511131,3
11041768,1
11041807,1
7593550,1
11042031,1
11042111,1
7593669,1
1230956,3
7575,8
4195211,4
7593777,1
5499887,3
11042232,1
11042264,1
10967764,2
6788381,6
7433829,3
11042556,1
11042685,1
4396726,2
2509676,1
7595155,1
7595159,1
7595380,1
2307383,10
7595838,1
7595949,1
283385,4
2310989,2
11043492,1
7596917,1
11043604,1
6872047,1
8297837,2
11043792,1
10546424,2
5042857,1
5046361,1
11044038,1
6615081,2
6537491,2
7579155,1
11044472,1
11044639,1
11044704,1
7598999,2
6254449,2
11045236,1
7754538,2
3300520,2
11045524,1
5767838,2
11045944,1
1536563,4
9719964,4
1643436,2
11046694,1
11046801,1
11046924,1
11046954,1
1678707,2
7601474,1
1511506,7
11047089,1
11047101,1
11047349,1
11047552,1
2243259,1
3198400,2
11047831,1
11047876,1
7603027,1
7603147,1
3153983,1
1491245,1
7603507,1
11048217,1
3927693,1
895303,3
1159573,2
9200622,2
5724470,6
7604205,2
5592506,3
1156636,7
1156677,7
1406597,2
7604426,1
7543261,1
11048805,1
11048817,1
3898575,2
11048893,1
2628889,3
246563,2
11048938,1
9849615,3
7604977,1
7605394,1
6826343,2
10994195,2
7606656,1
7607227,1
4662550,2
7607314,1
7607525,1
10790500,3
10867791,3
2600535,1
5707358,5
7608322,1
7608451,1
1152985,2
7608653,1
2935292,2
7608766,4
10560412,2
9994637,2
9868636,2
365463,2
2781307,1
11050181,1
11050310,1
7372170,2
11050603,1
11050760,1
7611196,1
7579025,2
11050792,1
7561079,1
287555,2
11050831,1
7611502,1
11051024,1
3372647,2
11051084,1
11051122,1
6172295,1
1718012,3
5043562,1
9842672,2
1009798,1
11051470,1
5739937,1
11051535,1
10788133,3
7378005,5
3337549,1
3035049,2
11051791,2
6824415,1
11052286,1
11052303,1
11052309,1
1022874,3
11052387,2
3055592,1
11052536,1
11052820,1
8598521,2
7613251,2
6065729,4
3172023,3
11053273,1
6110673,1
7614059,1
2304535,2
10487999,2
3724169,3
11053817,1
7805445,2
11053977,1
11054004,1
1020188,3
11054068,1
11054158,1
11054212,1
732278,7
662916,2
11054828,1
7617103,1
11054899,1
7617323,1
7617356,1
7617478,1
5707205,2
5906557,1
1523257,1
1448814,2
7619027,1
2308755,3
1870336,2
7325708,5
4122885,2
7619698,2
7620127,1
4868981,3
11055802,4
7620164,1
11055807,1
113691,1
5920571,1
7541325,2
11056282,1
11056464,1
5500611,2
7621441,1
11056642,3
7621626,1
7621633,1
11056880,1
11056902,1
543990,2
11057096,1
9711825,2
7622180,2
11057475,1
11057480,1
11057541,1
7622434,1
3183559,1
3390776,2
7622604,1
1214641,11
8296848,3
7622702,1
7622718,1
7622794,1
11058122,3
11058223,1
11058236,1
7879219,1
741481,6
7635566,1
10577487,9
1181997,1
10037060,2
219132,5
11058628,1
4124292,1
5575040,2
11058974,1
11059223,1
10456311,4
11059596,1
11059697,1
11059787,1
11059904,1
6050829,1
6843529,1
7113491,1
7143142,1
11060195,1
7637196,1
7637274,1
5730987,3
266338,4
5731241,2
4065898,3
11060479,2
7962098,2
720932,1
7647075,3
8354055,2
11061034,1
1413378,1
1508221,4
11061498,1
11061686,1
11061791,1
11061804,1
11061995,1
11062347,1
11062457,1
11062603,1
11062648,1
9212465,3
11063182,1
11063346,1
11063467,1
11063694,1
905587,2
11064033,1
11064139,1
11064146,1
11064161,1
5575253,2
508373,2
5367583,1
1931667,1
11064805,1
11064904,1
11065355,1
5575469,1
11065577,1
3486832,2
7927695,1
3391914,4
8190245,2
11066592,1
11066613,1
11067047,1
11067067,1
4095871,1
3181626,1
11067479,1
4798261,2
11067745,1
11067771,1
8390659,1
3316686,1
11068077,1
162802,1
3449463,1
422747,1
11068510,1
11068546,1
11068553,1
11068749,1
1927475,1
11069007,1
11069298,1
11069311,1
11069443,1
11069530,1
11069571,1
11069603,1
11069758,1
8934492,4
4225401,2
4723912,3
11069888,1
1199661,1
4112339,3
11070021,1
9263542,2
6589139,5
6913763,2
3628404,2
7674902,1
6558586,3
8000931,3
2115,2
8764556,2
7226888,7
7675765,2
8001991,5
11070889,1
7630252,2
7223617,1
7641788,1
7220977,1
7996561,1
7887081,1
1940422,6
7218443,2
1715327,1
11072109,1
11072245,1
11072346,1
11072430,1
7691991,1
7691859,1
11072896,1
7692416,1
7692636,1
7692713,1
7814432,1
3356196,2
3644500,1
5736392,3
11073457,1
7729664,1
7730228,1
7730313,1
11073636,1
4838304,1
7730461,1
7730526,1
11073732,1
11073737,1
11073796,1
7733828,1
11073914,1
6211124,1
11073975,1
11074099,1
11074315,1
7842775,1
6185170,1
7753702,1
11074487,1
6116969,3
11074856,1
6285774,2
11075056,1
11075095,1
7754343,2
5589659,3
4007587,3
7750876,1
6492823,1
10428770,2
10428771,2
7755180,1
7755212,1
7755239,1
7755264,1
7755311,1
7755302,1
7755745,1
8322164,3
11075708,1
11075739,1
11075957,1
11075969,1
11075985,1
11076039,1
11076073,1
11076752,1
7737863,1
11077070,1
11077167,1
7740631,1
11077239,1
1787749,3
11077395,1
11077404,1
11077437,1
7738527,1
1394378,1
11078033,1
7738909,1
7739174,1
11078376,1
11078387,1
11078407,1
11078571,1
11078933,1
11078957,1
11079182,1
11079700,1
11079725,1
11079764,1
11079840,1
7188159,1
7777089,1
11079879,1
7780267,1
7780345,1
11079900,1
7776007,1
7756516,1
1816478,3
6904662,1
7782711,1
7756910,1
6789438,2
7782828,1
7782952,1
7783224,1
7783187,1
7783225,1
7774316,1
7783251,1
7776800,1
7784250,1
11080283,1
11080295,1
286438,2
11080715,1
1301701,3
11081052,1
11081416,1
11081761,1
11081892,1
11082090,1
11082117,1
11082150,1
11082288,1
7785955,1
7786605,1
3597798,1
7786800,1
897709,1
4445705,1
7755913,1
7787449,1
7779775,1
7787662,2
7787748,1
11082793,1
11082805,1
11082807,1
7787773,1
11083246,1
11083289,1
11083317,1
5703098,2
11083329,1
7804574,1
7804549,1
11083519,1
11083597,1
4049745,2
7807190,1
6568257,4
11083662,1
11083675,1
7809631,2
7809676,1
7809750,1
2455354,3
7809906,1
1685434,3
7183534,1
1580219,2
5795886,2
7029765,1
7163629,1
11083961,1
7726812,1
7214829,1
7813119,1
7813200,2
7813216,1
6534736,3
7813259,1
1656198,3
1141915,4
7813336,2
6928905,1
1734934,4
7813380,1
7813424,3
3375350,1
11083996,1
11084090,1
7814704,5
7816628,2
11084605,1
9257353,4
7232682,3
11085108,1
11085196,1
11085243,1
7817482,1
7817656,1
7817669,1
11085391,1
7818209,3
4151445,7
7818868,3
3144535,2
7819099,1
11085483,1
7819328,1
10974402,2
9904928,2
11085864,1
7819478,1
11086062,1
11086405,1
11086456,1
11086463,1
7820045,1
9038105,2
11087366,1
7820788,2
7820798,1
7820995,1
7821055,1
9110621,2
11087514,1
11087596,1
11087655,1
11087748,1
11087957,1
11088157,1
11088297,1
10433030,2
1174131,1
11088380,1
8691975,1
11088567,1
25745,1
11088803,1
4490286,3
7822840,1
11088945,1
10036901,3
7516693,1
3121820,7
6840349,1
11089792,1
3359647,1
11089909,1
11089957,1
11090133,1
7942108,1
7927450,1
8002476,1
8645253,2
11090566,1
11090658,2
3104447,4
5509853,2
7824456,1
5740965,1
11090979,1
7824668,1
6874820,1
7690465,1
954362,8
8569070,2
11091682,1
380416,3
4890443,1
5761438,3
10406571,2
7160519,1
11092144,1
11092204,1
7826403,1
1320038,1
7838782,2
4867562,4
3614010,1
7830129,1
7839321,1
7812375,2
7194589,2
7839661,1
1319904,1
4295664,1
11092839,1
10780655,4
1736075,1
7854804,1
11093510,1
11093534,2
11093724,2
1866788,2
11093990,1
7881237,2
4757023,1
5512796,1
7639339,1
11094260,1
7916574,1
11094757,1
11094835,1
8898720,2
3131042,1
7869590,1
11095116,1
11095151,1
11095224,1
11095431,1
11095463,1
11095512,1
1697710,2
11095545,1
4176783,1
11095752,1
3887396,2
11095771,1
11095963,1
11096158,1
7877476,3
11096498,1
11096514,1
7407393,3
11096732,1
7879421,1
5498519,1
7880795,1
7314005,1
5352718,1
11097489,1
6743613,1
497717,1
4684166,1
11097973,1
11098111,1
7150167,2
11098274,1
8724233,1
4347838,1
5909268,2
11098419,1
9839123,2
11098788,1
5513893,2
11099105,1
11099291,1
2006667,1
11099396,1
5810840,1
11021508,2
11099696,1
8750535,2
1873445,3
11099930,1
8752367,1
11100464,1
8241302,1
11100720,2
4011662,2
1225394,4
11100896,1
8745349,1
6854594,1
414286,7
8631763,3
11101349,1
5979092,2
11101537,1
7883945,2
7883516,1
1619373,3
11101703,1
7887496,1
11101898,1
11101905,1
7890004,1
2033750,3
11102137,1
7890832,2
7666340,1
11102334,1
11102342,1
8642540,3
7919823,1
3030630,4
3377671,2
7941283,3
11102946,1
11103230,1
11103317,1
4075380,4
11103723,1
7665224,1
7672236,2
11103851,1
8003351,8
11104004,1
8118351,1
8003018,2
7987293,1
5513031,7
11104267,1
7893780,5
11104325,1
11104471,1
2894760,1
11104724,1
7950977,2
8885698,2
11104818,1
3157471,1
7952712,1
7952546,1
3228832,4
11104994,1
11105121,1
11105149,1
7916322,2
7961385,2
7221075,1
7222710,1
11105249,1
11105327,1
11105335,1
1373311,2
7394621,2
11106237,1
11106260,1
11106301,1
11106466,1
2270851,1
11106870,1
11107106,1
5569656,1
6717131,1
11107423,1
8650150,2
7962365,1
11107904,1
7999033,1
8001712,2
7999096,1
11108107,2
8110524,2
8002150,1
7788952,6
11108345,1
8018888,1
8022862,1
431597,2
11108440,4
11108493,2
8022886,2
8023150,1
11108712,1
7438992,1
11108777,1
11108866,1
11109077,1
11109187,1
11109202,1
9981046,2
8035513,1
7880760,1
3057246,9
5874745,1
1780922,6
8037603,2
8043326,2
8043559,2
11109549,2
8043674,4
8288064,2
5386412,1
11109773,1
11109913,1
11109962,1
11110026,2
10537996,2
11110125,1
11110448,1
11110566,2
11110676,1
11110732,1
11110746,1
11110905,1
6715689,4
11111002,1
4272211,3
11111120,1
8020927,1
11111245,1
11111433,1
1998529,1
11111554,1
11111568,1
3562693,2
10068852,2
11111655,1
8020753,1
11111942,1
11112400,1
8022093,1
6913846,3
2818596,1
8045010,1
11113035,1
8045099,1
11113215,1
8045814,3
11113321,1
8310805,3
6902703,2
11114020,1
8045682,1
9270354,3
5713385,4
3562610,6
11114872,2
11115367,2
11116081,1
10792701,3
1332786,4
8047660,4
5572847,1
11116943,1
11117091,1
11117181,1
11117212,1
11117318,1
11117330,1
11117366,1
11117403,1
11117413,1
8047744,1
11117599,1
5767564,1
11117750,1
5979888,2
11118044,1
11118156,1
11118232,1
11118399,1
10531781,2
8047424,2
10408800,2
1890662,2
11120180,1
11120426,1
11120616,1
11120709,1
11120857,1
4699978,2
11120933,1
11121033,1
11121079,1
11121148,1
11121273,1
11121468,1
11121628,1
11121894,1
11121959,2
11121967,1
6467258,1
11122213,1
11122236,1
11122306,1
11122554,1
11122574,1
11122712,1
11123245,1
11123397,1
11123413,1
11123556,1
9874168,2
9885487,2
11123628,1
11123811,1
11124214,1
2794754,2
11124528,1
11124693,1
2192403,1
3419504,1
5889187,2
8071028,1
8084120,1
1775662,3
8084725,1
4160933,1
8084948,1
8084989,1
8063346,1
8083833,1
7142288,3
8000382,1
7997963,1
7997791,1
175497,1
8005089,1
11125627,1
8119427,1
5993725,2
11125785,1
11125953,1
6598012,3
8340142,2
11004851,2
8220080,1
11126920,1
674803,4
3410237,3
5984237,3
531423,6
8246602,1
507314,2
3165553,2
649933,2
8246895,2
8246898,2
6753301,3
8247533,3
927686,4
396375,2
8247743,1
1578903,3
4560981,1
6700118,4
8248118,2
11127020,1
5803823,3
8251852,1
1806872,5
11127186,1
5596829,2
535554,1
4325714,1
6628162,4
8252588,1
4323637,3
8252816,1
10996331,3
1322179,1
5535031,2
581909,2
8508719,1
11127823,1
145167,2
5814265,2
11128222,1
1379295,2
1128307,1
2666303,3
5799604,2
5753243,1
252653,6
7783087,3
8497732,1
7201526,1
7711600,1
3608843,1
1179345,2
5734023,6
3590096,1
6710954,5
8254181,1
4133041,2
8254312,1
1283771,5
8255170,1
8592662,1
1323908,5
8255500,1
11129350,1
5117066,3
2769581,2
3379624,1
1234507,3
11129597,1
8080924,1
8611191,2
11129784,1
11129858,1
11129885,1
11129976,1
11129977,1
11130097,1
11130213,1
8042044,1
11130410,1
2306571,1
11130755,1
11130795,1
11130812,1
11021622,3
11131086,1
11131113,1
7977758,2
4183979,2
5733235,4
8255737,1
7472494,3
8255918,1
5537299,2
6614888,3
8256552,1
6721387,3
3913866,2
5756495,3
412163,10
8256930,1
4489914,3
3367234,2
9069809,3
11131755,1
11131799,1
8258847,5
11131875,1
6657968,1
11132162,1
11132228,1
6566573,1
4733721,1
11132734,1
11132992,1
11133013,1
7237448,2
4741733,1
465290,1
11133226,1
4350900,1
11133305,1
11133607,1
11133662,1
126796,2
3607418,1
1104105,4
11133997,1
11134044,1
11134169,1
11134510,1
11134541,1
11134634,1
7824399,1
3285310,5
55764,7
5734984,16
2951319,3
6557117,3
6142352,1
6722597,10
6404465,1
6153373,1
8260364,1
8260627,1
111090,5
8260929,1
8260940,1
8260983,1
8261032,1
8261159,1
1385295,1
7395880,6
8262040,5
8262103,2
7562039,2
8262318,1
6931267,1
8263015,1
2117945,2
3511113,3
2475514,1
4278464,2
3306437,6
1661893,2
2177000,2
1821097,4
4945638,2
8264137,1
58110,3
1978223,5
8258411,1
4273342,3
3492691,1
438392,3
2065957,1
10490451,3
11135150,1
8264408,1
3987958,6
8102149,1
8264534,1
8264638,2
1762405,2
7036151,1
8264871,1
8264917,1
3230327,2
2256864,6
8265186,3
8265196,2
4360039,1
6602152,7
4075156,2
8265865,1
5408466,2
2100413,1
3162628,1
9971078,3
1681727,1
11136035,1
7135988,1
6634505,2
6616762,3
264080,4
5712309,5
7381620,3
8266936,1
8266949,1
8266972,1
6538381,6
4497922,2
6763384,1
8267252,1
8267275,1
5511417,4
8267478,1
11136191,1
11136195,1
11136220,1
1068853,7
3498895,1
11136381,1
8268346,1
6719210,4
4219776,1
8268722,1
780643,2
8268904,1
2304849,2
11136610,1
11136658,1
11136676,1
11136681,1
11136696,1
10829680,3
3286690,2
8269271,1
679051,2
1637376,1
11136913,1
11136965,1
7752269,1
1637629,1
11137385,1
9076357,3
1604392,4
9754468,4
11137544,1
11137587,1
484872,1
11137727,1
8745818,1
8452792,2
4880079,2
8270158,3
8270144,2
4579615,3
5672804,1
8270543,1
8270572,1
220251,4
11137944,1
11138113,1
8271352,2
1679422,2
8271166,3
6837757,3
4172466,2
11138318,1
11138409,1
6629913,3
11138873,1
7532619,3
947384,4
439154,2
6632251,2
8271951,3
8272012,1
3264641,2
8272096,1
8272226,1
3155955,3
8272364,1
11139614,1
8272908,1
11139863,1
1379776,5
8272953,1
8272971,1
11140062,1
11140069,1
11023822,4
11140207,2
8561369,3
6763001,3
5725400,4
5334398,3
3649035,2
11140336,1
3526583,3
8274284,1
2980079,1
11140426,1
11140487,1
11140495,1
8276209,1
11140760,1
11140874,1
64755,2
8276586,1
2394657,3
6690025,5
8276777,1
8867093,3
11141046,1
5904347,1
6522666,4
3154960,5
5617323,3
1424112,21
11141270,1
8276984,1
8277092,2
6736660,1
4455168,1
9899597,2
2144047,1
8277698,1
653392,6
11141590,1
11141631,1
1865226,3
1429544,3
3660440,3
8278024,1
10001587,2
10777043,3
249777,2
11141863,1
8278204,2
8278217,1
8278295,1
3055208,2
11142419,1
8278552,1
6602638,2
4926841,1
2487556,1
8278840,1
1003102,1
11142689,1
9212071,5
1832567,2
6599963,2
2437737,2
11142839,1
7530048,3
4711314,1
10063329,2
5833168,2
8283851,1
8286441,1
984083,2
11143172,1
11143206,1
2833730,4
6932599,1
3015764,8
8288840,1
7495907,1
8288989,1
9989010,3
7341582,2
8289085,3
495456,4
5411422,3
6700335,1
8289198,2
996255,3
1423232,5
6690740,2
11143541,1
8289425,1
8289464,1
1709124,7
8290438,1
8289546,2
2649710,4
8289673,1
6520480,2
8289903,1
7112771,2
2884178,7
8289954,1
8290002,1
6524173,5
7577524,2
6629014,3
3387384,4
8290681,1
8290698,2
11143756,1
8290853,3
9741632,3
8291001,1
9807933,4
8291061,2
11144513,1
3723538,1
8291476,1
8291524,1
8236055,1
11144722,1
5444519,1
7172818,1
8292712,1
1017688,4
11145475,1
9244896,2
9788928,2
11145655,1
11145727,1
10620655,2
1761339,1
2038473,1
6405994,1
11146319,1
7902166,1
2332819,3
2173916,4
8293312,1
4753128,1
11146737,2
6550144,5
8293650,1
1217742,2
8293769,3
6709171,4
7521439,1
435723,5
1402233,2
8294334,1
8294013,1
8294079,1
8294139,2
8294802,1
11146887,2
11146952,1
8295048,2
1614016,3
2605539,3
8860856,4
1556571,1
8865489,2
11147103,1
11147179,1
8295577,1
1953265,2
1414716,2
3201100,9
6577993,2
1185256,3
8296551,1
8296895,4
8296884,2
11147559,1
10422885,2
11147671,1
11147696,1
2853387,1
5920984,2
8297180,1
9249160,2
268858,2
3372475,1
8298216,3
8297611,1
8298468,1
201877,3
1226357,2
2030703,3
3684158,1
8298830,2
3085420,3
3137535,1
8299023,3
4690484,2
11148066,1
2030155,4
11148081,1
8299496,1
8299755,2
5735748,5
3407784,5
3185366,3
6694799,3
8119845,2
6778881,1
1368637,7
7963493,3
5585414,2
8300560,1
8300606,1
8300636,1
8300872,3
8301060,1
8301105,1
8301126,2
2907327,4
8301312,1
4809755,2
8301416,1
1531881,2
8301649,3
7835963,5
8301662,3
8301668,1
7129738,1
9290721,2
11148294,1
1340912,1
8301945,1
11148421,1
8302107,2
2714018,1
8302508,1
8302522,1
2828642,1
8302638,2
8302801,1
8440967,2
8302874,1
3626071,1
8302915,1
7338117,1
8303048,1
7200828,1
5735818,3
8303078,1
11149034,1
5008372,7
8303135,1
2905082,6
2645371,2
8303229,1
2668869,7
7469194,5
7411417,4
6656738,1
572573,4
3614040,2
8304788,2
8304852,1
8304901,1
8305046,1
8305117,1
6687833,8
3236942,3
7502794,2
8305763,1
262679,2
8305945,2
7551076,2
3542568,2
8306403,1
8306487,1
8306534,2
8306556,1
8306600,1
8306780,1
8306816,1
8307098,2
204336,1
3160949,2
6694019,4
3238011,3
8307874,1
8308370,1
4690594,1
8308491,2
8308493,1
8308544,1
4887220,1
4377645,1
11149527,1
1160065,3
8309003,1
8309230,1
1522708,3
8309387,1
7747722,1
3083797,2
8309907,2
5866273,1
8310299,1
4318000,2
3191689,2
7272765,1
3977124,2
8310898,1
1809369,2
8310947,1
170612,1
8311069,1
8311214,1
7801427,3
1819099,2
8311504,1
7115206,1
8311742,1
360133,1
6590230,2
7549345,1
1220703,4
11149754,1
8312316,3
6823871,1
8400337,1
3405406,1
8312762,1
8312923,2
11150105,1
1755242,7
8313152,1
8585886,2
8033039,1
3404238,1
5732977,4
8314583,2
892413,7
2212008,2
5210058,3
952016,5
4152852,2
6514455,2
8315129,1
3482735,2
4217936,1
346088,2
8315420,2
8315486,1
3274584,4
2009971,6
1823087,8
4114135,3
3937917,3
8315721,4
8315808,3
6257085,1
997626,2
8315960,2
6551567,5
1416754,3
4473608,5
6520173,2
4473865,3
1013446,4
2883257,5
8316365,1
4474346,2
5735685,6
8316484,2
4185541,4
2717122,6
4474867,6
8316647,3
1463049,6
6509149,4
6508362,2
2409875,2
6507076,2
8316929,1
8316998,3
8317147,3
3489775,3
8317054,2
177544,3
8317317,2
5828863,6
3517698,1
4476268,1
722869,6
6282553,3
8318191,1
359103,3
8318719,1
8318637,1
8318378,1
5818957,3
8318770,2
7993615,2
4476796,1
8318843,1
8319083,2
8319445,1
6549916,2
7850884,1
8319796,2
1613994,5
8319616,2
5775773,3
4220177,5
1565749,1
8320279,2
8320259,1
8320331,2
8320319,1
8320575,1
8320468,1
8320686,1
8320809,2
3023003,3
6512129,4
8321168,1
8321232,2
4487528,1
8321370,1
8321312,1
8321518,1
450503,2
8321643,1
8321791,2
8321856,1
1834280,2
8321619,1
8322329,1
8322376,2
5074385,1
1094850,3
8322596,2
8322846,1
8322899,2
6707291,3
5982878,2
8322825,1
6519292,3
6808173,1
8322978,3
8323065,1
5702357,1
1156019,4
6521503,3
8323700,2
7257540,3
8323380,2
2306343,1
8323549,1
3460601,2
8323669,2
8324070,1
8324291,1
8324310,2
8324381,2
11150633,1
11150678,1
11150687,1
5732041,3
6685065,2
6685061,3
8324839,1
3677152,3
8324942,1
8324995,1
1208564,3
11150811,1
7584378,2
8325041,1
7463773,1
3410586,2
5773667,2
8325259,1
3359674,2
8325441,1
6686023,2
8325544,1
1443916,4
7573914,1
4626556,2
5466688,8
1443393,7
6712488,2
1770074,1
8211042,1
7109411,2
11151928,1
8325651,3
11151998,1
11152160,1
11152205,1
11152278,1
11152282,1
10616425,3
11152557,1
11152583,1
7313004,1
8219766,1
11152720,1
11152959,1
11153121,1
11153348,1
3976914,1
11153950,1
11154052,1
7317380,1
11154179,1
11154219,1
4322669,3
10933878,2
11154372,1
4899758,5
2777063,1
11154644,1
11155007,1
11155036,1
11155052,1
11155096,1
11155389,1
11155397,1
11155488,1
7491910,2
6596333,1
7362452,2
11155827,1
11155841,1
11155926,1
11156071,1
6904688,3
2202667,1
11156235,1
7491492,1
7318528,1
500798,3
7492297,7
11156512,1
11156642,1
495402,1
11156831,1
11156934,1
8741854,1
7318921,1
10976995,2
7746718,1
11157341,1
1428995,5
7045,1
9970173,3
5337701,4
10517327,2
11157861,1
11157881,1
11157894,1
10406649,2
5187634,2
11158275,1
11158346,1
5654637,1
609181,1
2887614,3
7008523,2
5958358,3
2489817,3
5926170,3
8328355,2
4963790,2
6021086,1
1958017,3
8328452,1
6577453,3
3380935,5
8328591,1
8328610,1
8329221,1
8329337,1
2304867,4
624543,2
2339593,5
1335835,5
8328922,1
8328953,1
6581036,3
3161010,5
5670479,1
9049,9
8329502,2
2986416,3
8329587,2
7414735,2
592773,2
4466257,1
2023990,1
4997564,1
8330204,2
6359521,1
8330593,1
3525917,1
8330678,1
8330721,1
3010365,2
6341600,1
8331266,1
3493252,2
1023462,2
2030985,1
7498786,2
922610,5
2113542,1
8331937,1
2967330,2
8332033,1
3537002,1
6730187,1
8331897,1
8331543,1
1811029,1
8331785,2
592627,3
4471966,1
3532178,2
8332234,1
4487026,1
860319,1
1417811,3
8332362,1
2632730,1
4464963,1
2031505,1
2031298,1
3541149,2
3531480,2
8332657,1
4480671,2
8332763,1
3529934,1
3532739,2
7496979,1
3548967,2
1810358,1
745535,1
3533381,2
8332973,1
3532569,2
2027223,1
2023997,2
4480492,1
4485482,1
3535180,1
8333070,4
4471588,1
3539532,2
4471857,2
2032979,1
7497643,1
4470978,1
3538523,1
8333301,1
4473433,1
8334092,1
3230887,2
271406,2
271813,1
8334672,2
1687064,1
8334948,1
3574470,2
6192927,1
8335309,1
660850,4
3588360,2
8335615,1
5818927,2
1687330,3
8335722,1
2878045,4
517949,4
1688212,1
1688360,1
1689290,3
4374103,5
1689482,1
1689486,2
6786729,2
1689339,1
8336067,1
1689071,1
7321993,6
5550864,3
8336598,1
6909213,2
5031307,1
8336797,1
4587253,2
3624698,2
3115259,8
8337290,1
8337371,4
11158932,1
8337419,1
8337510,1
3456228,3
8337753,1
8337840,1
8337866,1
7234034,2
8337990,1
7162712,1
8338071,1
1967076,2
11159130,1
11159319,1
11159384,1
11159497,1
11159560,1
7371492,3
11159579,1
1072272,2
11159708,1
8338720,1
8338995,1
11159886,1
11159945,1
953446,4
11160026,1
11160075,1
11160086,1
8339627,1
8339658,1
3573673,2
233942,2
11160248,1
8270288,1
8903381,2
3340113,4
11160448,1
3358648,6
6848584,2
3456381,2
8955412,2
4652748,2
4375909,1
11160748,1
11160809,1
88330,2
1746960,9
1552224,1
6662064,1
8701490,2
4576208,1
11161361,1
11161522,1
11161615,2
2452472,7
11161695,1
5981465,3
1861506,2
8341754,1
3694826,4
4487965,1
8342785,1
10908636,2
2179758,1
8343888,2
8343908,1
8596985,2
1798242,3
10587086,3
7380524,4
709864,1
7991210,1
8344414,1
239753,2
2095227,4
11162516,1
3907975,9
6616358,7
6722471,5
6709855,6
4463188,6
6722768,3
6710596,2
1096387,10
6723319,6
6723322,5
3153596,5
4183173,7
8344817,1
649978,4
1593064,3
11162612,1
101660,2
4184863,5
8345472,1
8345506,1
8345632,1
2689259,1
8345730,1
7408363,2
8345895,1
8345993,1
8346004,1
6511429,6
7504153,2
8346151,3
11162736,1
11162769,1
7103647,1
8346491,1
8346851,1
11163101,1
72341,1
3849566,1
11163145,1
11163190,1
1043496,1
8346891,1
11163402,1
11163430,1
10797721,2
8347025,1
8347152,1
8347194,1
8347202,4
8347220,1
4229338,2
8347376,1
1013507,2
8278691,1
5553134,2
10804959,2
1225074,3
2462067,2
1806292,1
239853,2
3487082,2
8193525,1
8347926,2
6821883,2
1032789,3
5587408,1
8348309,4
8348330,1
8348698,1
6823651,2
4324208,1
8349075,1
8349050,1
8349084,2
8349190,1
8349154,1
8349153,1
1589823,2
895528,5
5808400,2
1311026,1
11163865,1
11163876,1
11163882,1
2089947,2
10034879,2
1468589,2
7214825,1
8349999,2
8349939,1
5046449,3
8350040,1
8350058,1
8350075,1
11164480,1
8570004,1
8350213,1
8350193,1
508718,1
8350432,1
8350448,1
7537829,2
8042020,1
5907203,2
11164659,1
11164703,1
7811619,2
1023073,3
11165051,1
11165121,1
8351285,1
8351436,1
7940841,1
4181181,2
11165219,1
5871127,5
5487172,1
2606153,1
11165341,1
3407163,1
288393,1
11165514,1
11165580,1
4185355,3
11166091,1
8353393,1
8353974,1
3395086,3
11166478,1
4040573,6
8354513,1
1999377,1
11167053,1
3286136,1
3250444,4
11167387,1
3305057,1
5744596,6
2444681,3
4373661,1
6581985,2
3402386,5
8356603,1
8356692,1
11167556,1
6916223,3
8356902,1
11167602,1
11167692,1
11167857,1
11167865,1
299613,1
8357165,1
7150721,1
6710920,2
3993426,3
1150426,5
8357823,1
7579535,3
11168251,2
11168335,1
7115593,4
8358120,1
3142176,3
6717685,2
4065329,1
7529072,1
7435492,2
7465479,1
8243850,2
5397741,1
7396491,2
8242848,2
11168587,1
1010310,2
7183566,1
4701181,1
8359622,1
1803527,3
6694961,2
8359739,2
8359824,1
7757981,4
6859691,1
8359978,1
8285314,1
8360202,1
8360564,1
87717,1
8360716,1
6860930,3
1167366,5
11168895,1
8544846,1
417892,7
418104,1
2148661,1
1289106,1
6739349,1
11169361,1
11169379,1
485717,1
11169639,1
11169689,1
8362341,1
4107085,2
3120056,4
9197543,3
11170085,1
5855732,2
4666631,3
11170458,1
3437013,1
8363144,1
8370940,8
6873369,2
11170768,1
11170781,1
11170877,1
8370544,1
1785105,2
8581027,1
10609464,2
8364213,3
4065375,1
4495145,2
4787111,3
5708228,2
3430100,3
7796474,1
1331589,3
11171227,1
8447353,3
1344052,2
1324988,2
3220785,2
8364897,1
8364781,1
772854,4
8364950,1
6711386,6
8364993,1
1068720,4
8365133,2
2961072,4
8365147,1
8365191,2
6551287,3
8365234,1
6551572,4
6519094,3
6516481,2
8365614,1
5725171,5
8365820,1
6519633,3
2709140,2
8365871,1
6400156,3
8366034,1
8178393,1
8366089,1
8366394,1
8366559,1
6557462,1
8366775,1
8367011,1
8367095,1
8367182,1
3904708,1
8367440,2
1505370,2
6532498,3
8367650,1
6559195,2
8367839,1
1530572,6
8367969,1
10912375,2
10871580,2
1528539,2
11171648,1
5768494,2
11171724,1
11171735,1
8368345,2
8368532,1
250303,1
4267834,1
8368753,1
7378441,2
8368846,1
6841776,3
4629774,1
11171785,1
8369104,1
8369454,1
3130052,1
8369508,1
10819655,2
7153910,2
4894440,2
11171835,1
11171878,1
4638291,1
11172105,1
8586926,1
4395848,1
11172404,1
1324932,4
11172444,1
491944,2
11172464,1
11172672,1
11172674,1
8371715,2
11172695,1
11172733,1
10809729,2
11172747,1
8371790,1
2981488,1
8371960,1
11172919,1
7062497,1
3552825,4
4008608,3
7586676,1
11173161,2
2670143,2
1094778,5
11173345,1
8372825,1
3400167,2
8373019,1
8373098,1
7030695,2
11173578,1
2506572,2
11173630,1
1529401,5
4456969,1
8373508,1
2462478,1
3167603,2
8373654,3
8373758,1
8373971,1
6039864,1
8374049,1
6726258,2
5005246,3
8374214,4
8374250,1
8374304,1
8374306,1
8374529,1
531831,1
1371613,4
8374697,1
5826342,4
8375211,1
3778840,1
8375475,1
8375766,2
11174385,1
3417710,1
4180891,2
3484769,2
11174691,2
9882299,2
8391646,1
11175176,1
11175220,1
8391813,2
1889510,1
8391806,1
11175715,1
8392078,1
2980975,3
5468589,2
11176250,1
5201725,3
2397088,2
2177259,3
1381684,3
8392447,1
8392483,1
3687357,1
3823044,1
1944328,3
8267749,1
8567133,3
11176459,1
10834050,2
10606221,3
4661511,2
11176720,1
6595766,2
8393337,1
443863,5
2287111,1
8393414,2
8393459,1
8393537,1
234175,1
8617169,2
11177031,1
8588271,1
1876520,2
9690550,3
11177160,1
2597120,2
9036173,3
8397595,1
5888249,1
8397952,1
8398066,1
8398663,1
8398353,1
6317429,1
1522200,2
8398394,1
11177424,1
11177455,1
9761882,6
1052731,2
3352719,7
6579521,2
8343166,1
3013285,2
5335904,1
3928130,2
4240748,10
2201945,4
5063034,1
5956579,1
2938589,3
5953342,4
7421759,7
3483835,1
5035970,4
1210428,2
4050067,8
868167,2
1967429,3
1930311,44
4721748,1
829043,2
5953065,3
5967777,1
6693326,2
9689580,1
9689774,1
9689835,1
9690005,1
9690096,1
7037981,2
2839886,1
9208167,2
2840163,1
551261,4
1247935,1
2902652,1
2840571,1
9690756,2
9690827,1
7379174,1
6983605,4
4809956,1
768779,2
2842188,2
3292822,3
2842923,1
7507328,3
1631500,3
2843076,1
2844446,3
9692423,1
9692490,1
2845293,1
9692542,1
9693040,1
9693324,1
5983818,3
9693771,1
9693844,2
9693900,1
904853,2
695207,2
2848182,1
2848186,1
9695302,1
2862912,1
6556904,2
9695782,1
9695830,1
1472588,2
9011642,4
9696177,1
6623197,3
1636623,1
9696549,1
7543730,1
9697175,1
9697396,1
9697399,1
9697447,1
1258678,3
9697867,1
9698543,1
9698570,1
9698629,1
2854449,1
1805129,5
2866093,1
1682116,4
1635259,1
9691512,1
7517150,1
1951680,3
9694171,1
9694821,1
2848268,1
9695584,1
9695889,1
2863324,1
9696115,1
9697235,1
9697563,2
9697725,1
2864705,1
9698650,1
9698768,1
9698828,1
2866307,2
9698889,1
9699011,1
2870533,1
9699450,1
9699615,1
8863120,2
9699713,1
9221430,2
9699921,1
2872597,1
2616073,1
1515062,2
9700199,1
2285340,1
8765396,3
1084890,3
9700671,1
9700710,1
7509414,1
2878723,1
1323606,3
2879220,1
2879732,1
2880134,2
9701145,1
2880729,2
9701372,1
9701410,1
2880930,1
2881235,1
2881315,1
9701950,1
261228,2
9702141,1
3511411,1
9170385,2
2681060,1
2516459,2
7120328,7
9702625,4
9702973,1
2882480,1
9703059,1
2884584,1
2141845,2
9703402,1
7403813,5
9703753,1
1087668,5
2886016,3
9703918,1
9704254,2
8895047,3
9704432,1
3307034,3
2887656,1
1592617,2
9705199,1
1321852,1
1753378,5
1441971,1
2888785,2
9705803,1
2888820,2
9706020,1
9706025,1
9706044,1
574081,5
1163761,3
2889724,1
2890027,1
2890122,1
2890161,1
2890196,1
7279996,2
2858630,2
2892466,1
1775097,1
2892633,1
9707228,1
9707339,1
9707492,1
2895104,1
9707628,1
2895395,2
9707710,1
2895536,1
9707977,1
9707989,1
9708127,1
5778422,7
9708286,1
9708714,1
2898379,1
2898372,2
9709003,1
208648,4
3448509,2
9709230,1
2898732,1
9709283,1
1039042,3
9709397,1
2899837,1
3113134,1
3985255,2
2156223,2
3985115,2
9709953,3
2900131,1
9709979,1
9710053,1
9710140,1
3567229,5
9710182,1
9710222,2
2903034,1
2903248,1
2903641,2
9710464,1
2904064,1
2903970,1
2904082,1
2904583,1
2904855,1
2905015,2
1782282,9
9710734,1
2907043,1
2907002,1
2907092,1
9711661,1
9711688,1
1007369,4
9711719,1
9711722,1
9711735,1
3881146,1
2948871,2
1190960,1
2949118,3
9712429,1
9712586,1
9712646,1
9712837,1
9712862,1
2949676,1
2949880,1
7616008,1
2950172,2
2950573,1
9713061,1
8094324,1
2951078,3
6210696,1
9713262,2
9713446,1
9713499,4
2651170,1
2654394,4
9713602,1
9713738,1
9713897,1
9713927,1
9714226,1
9714307,1
2953290,1
5013282,1
2690662,1
9109980,3
9714596,1
899520,1
9714606,1
9714614,1
1732746,2
2953996,1
2954048,1
2954269,1
9715355,1
9715393,1
9715465,1
3175025,3
9715495,3
9715503,1
8224124,1
9010041,9
2955055,1
2258537,1
1622062,2
2955413,2
9715777,1
9715784,1
1721989,1
9716320,1
9716363,1
2958553,1
1532730,4
2961081,1
9716865,1
2961211,1
4418108,1
2962806,1
2962912,1
9717285,1
1285787,1
9717447,2
2963045,1
2963063,1
9717507,1
5835643,4
9717644,1
9717666,2
8923222,7
9717750,1
9718204,1
2964925,1
9718355,1
9718401,2
9718421,1
9718528,1
8692763,3
891970,1
967159,1
2271164,1
3300653,1
9719249,1
2968338,1
5969272,2
1237416,5
9719514,1
2329902,1
5617581,3
9719720,1
9719879,1
9719925,1
9720255,2
9720318,1
3956587,1
7139213,2
9720714,1
9720727,1
2970458,1
9720791,1
9721455,1
9721492,1
9721569,1
9721626,1
9721722,2
9721859,1
2972184,1
2972278,1
2972478,1
9722367,2
9722441,1
2529956,2
1172746,3
3174587,2
7236573,1
2972956,1
2973216,1
9723130,1
9723399,1
1308289,1
2974424,2
2130814,3
2974804,1
2974807,1
5883909,2
9723722,1
9723723,1
905174,2
5921265,1
9723785,1
3358147,3
2637867,2
147031,1
9724311,1
9724422,1
9724549,1
9724551,1
2975872,1
6676495,1
9724899,1
9724913,1
9725075,1
9725092,1
9725828,1
3219856,2
1771461,1
9726391,1
2976334,1
2976671,1
9726598,1
1205105,2
2977126,1
9726843,1
2975704,1
9727295,1
9727350,1
9727675,2
9727679,1
2977753,1
9728024,1
9728286,1
9728417,1
9729173,1
9729182,1
9729239,1
9729594,1
1729423,1
9730033,1
9730142,1
2977317,1
9730200,1
9730388,2
9730456,1
9730578,1
1596652,1
2978297,1
2975202,1
9731356,1
9731438,1
2975690,1
2978786,1
9732005,1
9732070,1
2978701,1
1305015,2
9732336,1
9732374,1
9732413,1
2979008,1
9732665,1
9732790,1
2978068,1
9733516,1
9733574,1
9733643,1
2979256,1
9733980,1
3992902,2
9734566,1
2691568,1
4489959,1
9734629,1
9734711,1
9734721,1
9735053,1
9735335,1
9735582,1
2979625,1
9067741,4
9012011,3
9736448,1
699444,1
2995823,1
2995850,1
2995958,1
9736979,1
9737123,1
9066394,3
2997878,1
2997918,1
9737684,1
8789832,3
9737955,1
9738018,1
9738034,1
2998345,1
1609128,1
225809,2
150948,2
3000706,1
3738886,1
9738944,1
3001020,1
9738999,1
544166,2
9739239,1
9739298,1
9739326,1
413359,1
1305449,2
9739440,1
3267258,2
9739506,1
3002817,1
9739792,1
9740001,1
1897859,1
9740043,1
9740124,1
9740166,1
9204213,3
3003549,1
9740415,1
3004095,1
9740651,1
9740730,2
9741030,1
9741091,1
3004418,1
554511,2
3004725,1
9741679,1
9741950,1
9742152,1
3005641,2
3006312,1
3006334,1
9742367,1
9742445,1
9742477,1
3006932,4
5299740,3
9742767,1
5921075,1
9743160,1
1631168,1
6689852,2
9743429,1
4585083,1
9743533,1
9743641,2
389691,2
9743947,1
9285140,3
3015873,1
9744520,1
3016384,2
3016393,1
3016438,1
3017150,1
8703583,1
8822045,4
9251118,3
3017464,1
475127,2
3019937,1
9745454,1
3020482,1
9745744,1
9746061,1
9746186,1
9746217,1
9746300,1
2806918,1
598165,4
3021555,1
9746943,1
9747009,1
7523650,3
9747238,1
9747285,1
9747320,1
9747334,1
9747386,1
5215419,1
5669211,2
9747548,1
9747557,1
5994877,1
9747732,1
3023284,1
9221336,2
3023481,1
9747980,1
4609448,1
9748116,1
3023671,1
9748392,1
9748497,2
9013867,3
9748792,1
1236562,1
9748905,1
9748934,1
9749004,1
3024487,4
9749129,1
9749413,1
5590171,2
9749852,1
688867,1
9750133,1
9750218,1
2731063,2
9750239,1
9750485,1
1170746,2
3025485,2
2858545,1
3026111,2
6132061,1
9751225,1
3026227,1
6053278,1
726666,2
3029242,1
3028972,1
3029745,2
3029992,1
3030563,1
3030983,1
3031182,1
3032000,1
1095547,2
3032784,1
3033013,1
492772,1
1327859,1
3033782,1
3033869,1
3034432,1
9751777,1
9751904,1
6515451,3
5451427,1
1817146,2
9752314,1
2219145,4
9752498,1
3036017,2
3036019,1
3036807,1
3049852,1
718681,2
9753072,1
9753090,1
3050181,1
1693373,9
3050306,3
9753493,3
9753553,1
21106,5
9753652,2
9753803,1
9754043,2
9754360,1
3051734,1
9076234,2
2014504,1
699770,1
9754747,1
9754791,1
9755105,1
9755162,1
3522189,1
1729693,1
9755446,1
3053266,1
9755557,3
9755592,1
9755610,1
3053772,1
9756380,1
9756556,1
9756810,1
9756905,1
9757005,1
3054138,1
9757168,1
9757287,1
8856072,2
3056425,1
3056688,1
9758021,1
9758316,1
3058127,3
9758555,1
4048632,1
9758738,1
9758888,1
8734390,1
5790954,4
6712667,2
9759241,1
9759257,1
3058602,1
3058615,1
9759382,1
3058699,1
3058884,3
4901675,2
9759595,1
3059292,1
9759708,1
2599635,2
9760106,1
1238331,2
9760498,1
912581,3
9760775,1
3060060,1
3060110,1
9760984,1
442558,2
9761043,1
9761220,1
3640915,1
9761572,2
1533251,3
9761659,1
9761829,1
260584,3
3062678,1
2598008,1
9761974,1
9762047,1
9762290,1
3063039,1
3063114,1
1776696,3
8235947,1
3063530,2
9763282,1
9763339,1
9763610,3
9763629,3
3064632,2
1132401,2
815737,1
3066816,1
3067915,2
1818715,1
9764353,1
3068241,1
5226422,1
9764463,1
5904392,1
8965657,3
1559884,1
1837315,4
9764687,1
3070888,1
9764829,1
9765088,1
3045552,1
7726903,1
5558011,2
9765491,2
3071698,1
9765843,1
2802881,3
3072237,2
9765911,1
1746611,1
3072987,2
9766466,1
9766529,1
9766769,4
3073734,3
9766890,1
3073798,1
9766989,1
9766991,1
9767252,2
9767302,1
9767333,1
1784835,2
9767448,2
3083999,1
9767834,1
268838,1
9768061,1
9768322,1
9768590,1
9768700,1
3084559,1
488495,1
9768885,1
9768904,1
9769043,1
3091403,1
8951405,4
3086486,1
3086737,1
9769417,5
1264406,2
30566,2
693938,1
9769921,1
5244728,1
5244713,1
1266409,1
9770029,1
9770053,1
9770220,1
9195306,2
5161216,1
9770432,1
5631208,1
9770587,1
9770697,1
9770700,1
3089569,1
9770796,1
3089867,1
3660604,11
9770931,2
9771113,1
3091089,1
2576092,1
9771241,2
9140128,2
9771514,1
9771673,1
9771764,1
9771793,1
7499863,2
9772054,1
9772117,2
3092311,1
9772222,1
3093632,1
9772369,1
9772579,1
9090652,2
1998503,1
1282416,2
1010888,4
8983778,2
9772926,1
9772944,1
9773051,1
9773240,1
9773456,1
9773527,1
3083141,1
9773780,2
9773938,1
5465246,2
9774076,1
9774248,1
9774391,1
991024,4
9775151,1
9775172,1
6708192,2
6397927,2
3097806,2
3097955,1
2532962,2
3098991,1
9775433,1
3099288,1
9775481,1
3099733,1
3099816,1
3099866,1
3100600,1
3158110,1
3952243,1
9775990,1
9776054,1
4629347,1
3913417,2
8993843,2
7160650,1
9776746,2
9776841,2
9777048,1
9777073,1
9777125,1
9777214,1
3101223,1
9777282,1
263708,1
9777613,1
412610,4
9082284,2
3101414,1
3101459,1
7728840,1
9778086,1
3101574,1
8901380,2
3101768,3
9778561,1
3102011,1
9281467,2
3102213,2
3102216,1
907442,2
3102617,1
3103465,1
9779079,1
3103550,1
3104267,1
9779736,2
9779746,1
3104412,2
3104813,1
3104964,1
9779987,1
9780099,1
9780174,1
1926519,2
9780505,1
1463065,3
7195161,1
827284,1
3327495,4
7944700,1
3107946,1
9781074,3
3108114,1
9781325,2
9781367,1
9781401,2
3108222,1
3108223,1
9253917,5
9781671,1
7433764,2
2608877,2
9782352,1
9782388,1
3109056,2
3109069,1
2213838,1
9782638,1
9782963,2
9783000,1
3110313,1
9089119,4
3111270,1
9783778,1
3111430,1
3111767,1
9144120,4
9255139,3
3440618,2
9784355,1
9128256,4
9784638,1
9784707,5
9784768,1
9784912,2
9784954,1
9785017,1
4228036,1
9785430,1
3113626,1
239861,2
3114113,1
3114143,1
9786117,2
9786197,1
3114644,1
9786525,1
3114682,2
3115638,1
8968055,3
3116206,1
553004,3
2463276,4
9787380,2
9787444,1
4008492,2
9788008,1
8824632,2
19904,3
3048554,1
3117921,2
3118619,1
7080852,2
9788567,1
9788585,1
3119106,1
1705410,2
3689323,2
1706872,3
5826926,1
1108674,3
1386143,2
451470,3
2141633,1
9015886,2
411505,1
9789485,1
9789760,1
9790030,1
9790133,1
9790170,1
9790657,1
9790726,1
9790951,1
9791166,1
9791249,1
3623569,1
9791543,1
9791859,1
3122186,3
2014568,1
9792262,1
9792303,1
9792409,1
8836939,3
2376501,2
9792698,1
9792818,1
3123474,3
666852,2
3113862,1
1400729,1
9793226,1
9793258,1
291177,6
9793528,1
3127445,1
3127820,1
9794116,1
9794175,1
659285,2
1985825,1
656365,3
1465979,2
3140535,2
5729714,3
3141328,1
3141410,6
5661989,3
3141654,1
9795602,1
9795624,1
9795779,1
2166842,5
9795852,1
3142452,1
3142480,1
9796099,1
3142734,1
9796376,1
3144964,1
9796682,1
9796702,1
9796780,1
3145389,2
246399,1
9797167,1
9797493,1
9797537,1
9797543,1
3146739,1
3146803,2
3146849,1
3147044,1
1549186,1
3147842,1
9798605,1
9128611,2
1459226,1
1161448,2
9798897,1
3149087,4
9799353,1
479045,1
3149693,1
9799655,1
9799757,1
3149843,1
9799842,1
9800248,1
3150171,1
8797082,4
9800321,1
9800418,1
9800456,1
9800511,2
4033870,1
3150386,1
1019484,2
9800783,1
9800818,1
9284275,3
3150852,1
1335176,2
9801162,1
3151717,1
1590648,3
1540572,1
1117738,1
9801673,1
9801914,1
9801936,1
4649580,1
9802027,1
9802249,1
3155368,1
1970642,3
3155951,1
3156003,1
3156154,1
9803496,1
9803530,1
5381463,1
1996364,1
9804310,1
9804377,1
1366354,2
825152,3
9804531,1
9019828,2
5809543,2
9090094,2
6604965,2
9225322,3
1571174,1
9805185,1
3392986,1
3162239,1
9805385,1
9805485,1
3162465,1
3162747,1
9806023,1
9806200,1
3162694,1
9806639,1
7505939,2
2798138,3
3164213,1
9807124,1
9807430,1
9807506,3
3165844,3
3165901,2
128504,6
3166567,1
9808263,1
3166580,1
9808291,1
3166673,1
1060575,4
3167460,1
1927147,1
3167845,1
1456034,1
9808742,2
3168429,1
3168438,1
3168456,1
695346,2
3168618,1
9809174,1
8803424,2
9809188,1
295417,9
3168798,1
9809420,2
2151784,3
479511,1
9809666,1
9809777,1
9809938,1
9810058,1
4700389,2
739455,1
3169777,1
3169918,2
9810344,1
9810438,1
3170320,1
1697493,1
9810471,1
3170710,1
9810518,1
9810649,1
9810670,1
3171093,1
3171777,1
3046046,1
8928617,2
9811155,1
9811245,2
9811288,4
9811462,1
9811518,1
3172498,1
9811576,1
3172534,1
3172660,3
3264877,3
9812193,1
3173600,1
3173604,1
3174012,1
1087250,2
9812813,2
9813036,1
3174376,1
9813222,1
9813371,1
3174745,1
2967038,3
3175214,1
9813880,4
9814062,1
9814081,1
8984456,3
9814219,1
9814236,1
9814746,4
1188740,1
9814851,1
9815188,1
9815380,3
9815435,1
9815452,1
2957345,1
3184264,1
5758887,2
9815727,1
1424989,2
3185107,1
187483,1
1079967,4
3185230,1
3185394,1
3185542,1
3185564,1
1153545,2
9816008,2
8072060,1
3189332,1
9816258,2
1176568,2
3189471,1
3189699,1
659248,2
9816681,1
6818093,3
4857486,1
5702816,1
9817707,2
9818262,2
4484380,2
43288,4
9818722,1
9819090,1
9819271,2
9819740,1
3202144,1
9819896,1
3202244,2
9820222,1
9820373,1
9820375,1
3202833,3
3204058,1
9820898,1
9821283,1
8860543,5
781396,1
9821581,1
9821601,1
9821766,1
1328813,2
3205799,1
9822128,1
9822451,2
1519768,2
9823064,1
3212260,1
3208256,1
9823259,1
3210829,1
9823281,1
3210918,2
9823345,1
3211023,1
4004094,1
9823645,1
9823763,1
3213142,1
3213511,1
9824211,1
8733763,2
9824656,1
3624806,1
3214292,1
9825065,1
98782,2
9825370,1
3215259,1
9825480,1
9075415,2
427964,3
3215472,1
9826212,1
2329972,1
9826526,2
1176982,2
9826545,1
9826597,1
9826694,1
3216538,1
9067165,2
9827130,1
3217401,1
9827444,2
3217808,1
3217950,1
3217669,1
1198246,1
9827883,1
5697746,1
3219534,2
9828101,1
9828274,1
1172048,2
9828614,1
9828737,1
41462,3
9829047,1
3221244,3
3221240,2
9282486,2
3221460,1
6545674,2
3221826,2
9829373,1
3459197,2
9829618,1
5793223,6
3222369,5
9830080,1
3222929,1
9830976,1
9831105,2
3223093,1
9831242,2
9831298,1
3208726,1
9831591,1
3821475,2
9831759,1
9831774,1
3223792,2
987455,3
4030667,3
9166182,3
3448238,4
9832130,1
9832138,2
9832440,1
9832513,1
698372,2
5365751,2
3227133,1
1659988,2
9833785,1
9833918,1
9833961,1
9039368,3
9834074,1
3227697,1
3227876,1
9024927,4
9834284,1
9834316,1
9834387,1
9834967,1
9835124,3
3229067,1
5330518,3
9835285,1
3229108,1
9835377,1
3229056,1
9835686,1
3230028,3
3230067,1
3230410,2
9836660,1
3575582,2
172635,2
9836875,1
3230599,1
2329569,1
3230827,1
3231165,2
2119861,1
9263272,4
2767968,1
3231340,1
9837687,1
9837835,1
3231590,1
1806224,1
119511,2
9838319,2
2220447,1
9838450,1
8898983,8
3232652,1
9838654,1
9838701,1
270696,4
7459451,1
9838938,2
8386306,3
675548,4
1211490,1
9839304,1
2273187,2
9839579,1
3234211,1
3234310,1
3234606,1
9840032,1
2491206,1
5028090,2
9840354,1
9840383,1
9840563,1
1808321,2
9840587,1
9840717,1
9840757,1
9840997,1
2921479,1
9841107,1
3236690,2
3237354,6
9841266,1
3237857,1
9841411,1
2014390,1
9841654,1
9841657,1
3238402,1
1692294,1
1617129,1
2998663,1
3239173,2
3239580,1
3239581,3
9842128,1
3239956,1
9842228,1
9842362,2
3240758,1
3240837,1
9842860,1
9842871,1
3240840,1
9842893,1
454830,2
9843182,1
2802061,1
9843409,1
9843422,1
9843464,1
7506244,2
9843587,1
5923984,4
9843813,1
9844117,1
9844172,1
3245694,1
9844517,1
3245934,1
9844808,1
9844887,1
9844941,1
9845036,1
3246311,1
9845189,1
2928618,1
9845283,1
3249781,1
3249977,1
3249976,1
3250283,1
3250382,1
3250374,2
3112964,1
3250879,1
3251128,1
3251103,1
926077,1
3252966,2
3253257,1
9846012,1
5888928,2
5521543,2
4774550,1
9846352,1
9846407,1
9846484,1
9846584,1
9846697,1
3255932,2
1621562,1
3256183,1
9847389,1
9847490,1
189805,4
9847938,1
609851,1
3256975,1
9848413,1
9848438,1
8771269,3
5415880,2
9848641,1
2317632,2
8434644,1
3257542,1
4120166,1
904966,2
9848873,1
9848882,1
9848902,1
9849486,1
9849551,1
3259148,1
9849727,2
5155535,1
1456565,1
9850169,1
3262338,1
9850446,1
9850662,1
9850687,1
8630290,2
9850701,1
9850868,1
3263503,1
9145343,5
9851983,1
1856644,3
9852457,1
9852491,1
2935434,2
3264600,1
9852607,1
9852902,1
9852981,1
9853061,1
9853183,2
9853193,1
3056981,1
8984327,2
9853460,2
9853462,1
7586629,1
9854161,1
9854316,1
3266100,1
3266177,2
9854458,1
9854462,1
1579432,2
9854825,1
3267216,1
3406806,1
523981,5
438564,2
912196,1
1606698,4
1131817,1
3268284,1
5053026,1
9855814,1
3557751,2
4478266,1
9855982,1
2029947,3
9856296,1
3269535,1
9856554,1
8980441,2
9856594,1
9856631,1
9856739,1
9856773,1
5410426,2
7389370,3
3270626,8
9857083,1
3270846,1
9857397,1
5481991,2
9857591,1
9857607,1
7432341,2
9857981,1
9858072,1
3272151,1
5588812,2
3272169,3
9858375,1
3272387,1
3272640,1
9858434,1
9858975,1
3273108,1
9859221,1
9859319,1
9859340,1
3273324,1
9859590,1
3273557,1
9859615,2
19804,2
9859730,1
9859896,3
1170854,5
9860229,1
1996538,1
3274940,1
3274958,1
3275026,2
3275082,1
9860727,1
3275221,1
3275531,1
9861045,1
9861324,1
9861403,1
9861630,1
3294201,1
9861781,3
9861788,1
3276212,2
3929955,4
3276363,1
3276385,1
3277014,1
9862283,1
3277526,1
1616665,1
9862335,1
1822248,2
2080803,1
1602432,2
3277714,1
3277705,1
3277921,1
3278359,1
9288265,2
3278724,1
9864047,1
3278982,1
3593923,1
1046807,2
8962049,2
3279284,1
8974546,6
3280097,1
9864920,1
3280519,1
9865083,1
9865103,2
3280651,1
1128773,1
9865431,1
3281008,1
5485151,2
9865740,1
3055331,1
3296601,1
9866267,1
9866354,1
9866510,1
5470082,1
3284325,1
9867424,2
9867651,1
9867750,1
9868327,1
9868333,1
9868354,1
9868385,1
9868389,1
3285939,1
3285933,1
9868645,1
9868788,1
9868802,1
3286313,1
3286458,1
3286628,1
9869074,1
9869124,1
9869188,2
9869331,1
9869343,2
1392127,1
9869628,2
9869741,1
9869755,1
1006124,3
9870031,1
9870216,1
441791,5
9870296,1
9870311,1
9870331,1
9870380,1
5401871,1
9870461,1
9870711,1
9870714,1
9870969,1
3293389,1
9871747,1
9872207,1
3293515,1
9872293,1
9872517,1
3293940,1
9872601,1
9872620,1
6530126,3
5093392,1
3294464,2
9872951,1
4639686,1
9873539,1
3154343,1
9873578,1
9873702,1
3295702,1
9873845,1
9874025,1
3298230,2
7178795,3
9874579,2
9874626,1
9874628,1
3298879,1
9874781,1
9874934,1
8762749,2
3299390,1
3300197,1
9875623,1
9875669,1
1519966,2
9875856,1
3305260,1
1035516,2
9876221,1
9230681,2
3306147,2
8927792,3
4105636,2
9876655,2
9876765,1
9876768,1
1166195,1
9877114,1
8837372,2
9877240,1
9877286,1
9877394,2
6257455,1
9877927,1
9877942,1
3317615,1
9878137,1
9878395,2
1001005,7
9878524,1
9878574,2
3322519,3
1509867,2
3323175,1
3328325,1
3328351,1
9879219,2
4047408,2
3329341,1
3330150,2
3330870,1
3330269,1
3330193,2
3330241,3
3330258,1
3330868,1
382645,2
3331306,1
3331266,1
3331442,2
4940393,3
3333666,1
3334284,2
3334515,5
3334928,1
3337542,1
9879844,1
3339933,1
1291755,2
3340523,1
561935,6
3340687,1
3341588,1
3341691,1
9879922,1
9879950,1
9879994,1
3343253,1
3343436,1
7493413,2
9880084,1
3344904,1
3345176,3
9880199,1
645807,1
3438330,4
9880518,1
9880540,1
3350263,1
3350309,3
9880739,1
3350819,1
3351114,1
9880843,1
3352003,1
3352094,1
3352557,4
9881027,1
3352936,1
3353722,2
3354033,1
3354604,1
3354854,1
3355320,1
3355663,2
3355738,2
3355829,1
3355820,1
9881263,1
9881268,1
9881311,1
9881322,1
9881337,1
9881339,1
9881359,1
9881368,1
9881398,1
2180738,1
9881447,1
9881485,1
641595,2
9881554,1
3356427,3
9881673,2
9881729,1
9881758,1
3358121,2
3358282,1
2877893,1
9882010,1
9882107,4
5721139,1
9236562,2
9882368,1
9882438,1
3362139,1
3367485,1
9882606,1
9882632,1
9882679,1
3368231,1
3369347,3
3371734,4
9882834,1
3372894,1
3374034,1
3377905,1
3378467,3
9882971,1
3318919,2
1327690,2
9883172,1
3380098,1
3380295,1
3380254,1
9883452,1
9883572,1
5598058,3
644287,2
9883784,1
9883871,1
1043529,2
3382578,1
3383068,2
3383335,1
3387793,1
3388271,1
3391597,1
3387054,1
3387644,3
3387628,1
3388623,2
3389470,2
3390331,1
1559225,2
3391373,1
5945752,2
3392501,1
3392941,1
292919,6
3395013,1
3395319,4
199969,8
3395663,2
3395784,1
2957814,1
3396300,1
3396327,1
3396599,1
3397018,1
3397231,1
3398191,1
3399382,1
2163072,1
3399730,1
9885019,1
3400443,1
3400652,1
3401438,1
3401747,1
3404852,2
3405014,1
3405749,1
3407011,1
3407001,1
1013265,7
3408574,1
3409283,1
9885560,1
3409446,1
3409776,2
4083586,1
3409927,1
3409995,3
9885907,1
9885957,1
9886092,1
1450006,4
9886309,1
8395493,1
2008339,1
8893143,3
6656087,1
3412851,1
1248856,1
137860,4
9887286,1
4344112,1
9887398,1
6654800,1
9887647,1
9887768,1
3997733,1
9887897,1
3413317,1
9888200,1
3414619,1
9888385,1
9888547,1
2300794,1
3415181,1
9888807,1
3416321,1
9888878,2
9171405,2
9889779,1
3417539,1
9889924,1
8593908,2
9890069,1
4013255,2
9890300,1
9890425,1
9890587,1
3429708,1
3429889,2
9890855,1
3430243,1
3158856,2
329797,1
9891035,1
8537041,2
3430481,1
9891295,2
7247310,2
9891471,1
3430834,1
9891542,1
9891564,1
3431220,1
9891831,1
9891862,1
3890260,2
3432592,1
9892143,1
9284587,2
9892388,1
9892511,3
9892680,1
9892898,1
3433477,3
3434029,1
3044287,1
3434631,1
3435137,1
3435266,1
9893294,2
9893317,1
9893369,1
4683941,1
9893634,1
9893886,1
9894004,1
909563,3
9894143,2
3438251,1
3439503,1
9894780,1
9894916,2
5906818,1
9895123,1
7691025,1
2292254,1
9895333,1
9895631,1
9895681,2
3440325,1
9895825,1
3441497,1
3441603,1
3450894,1
7006327,1
9896269,1
9896289,1
9896365,1
9896587,1
2297000,1
9896875,1
9897141,1
9897165,1
9897201,1
3451651,1
9897291,2
3451681,2
167656,3
3452479,1
3452462,1
3442835,1
3453154,1
3453206,1
3453198,1
1754958,1
9897642,1
3455127,1
3455173,1
1336404,1
3455376,1
3455506,1
3455626,1
3456283,1
9898065,1
9898095,1
3457060,1
925131,3
9898220,1
3457719,1
3467509,1
3457799,1
3458050,1
3458160,1
9898313,1
3458192,1
1220690,2
635508,3
3458604,1
3458933,2
3459014,1
194329,2
3459168,1
3459277,1
3459527,1
3459598,1
9898603,1
3454542,1
3460088,1
3460149,1
3460352,1
3460476,1
3459104,2
3460850,1
4801559,1
3461436,2
3464979,1
9899060,1
9899073,1
3469185,1
5756514,1
3469582,1
3469679,1
9899864,1
3470284,1
3470731,3
9900047,1
3321286,1
9900163,1
8855399,3
9900883,1
8571952,1
9900934,1
9901102,1
7722825,2
3471727,1
9901557,1
4625666,1
3471832,1
9901987,1
3606119,1
9902298,1
1546919,3
7880609,1
9902665,1
9902676,1
464350,1
7127612,1
3472469,1
9903193,1
9903380,4
234368,5
9903592,1
9903599,1
9903865,1
9903937,1
9903958,1
9903997,1
5398908,1
3474667,1
9904056,1
3474749,1
466880,1
9904265,1
332232,1
3475297,1
3475641,1
9904782,1
1633557,1
6742328,1
9904962,1
5319252,1
9905047,1
3476141,1
9905276,1
9905411,1
6273525,3
9906060,1
9906308,1
1959467,1
9906759,1
9906832,1
9907095,1
9907118,1
9907134,1
9907181,1
9907212,1
9907326,1
9907348,1
9907834,1
9907851,1
806882,1
3478595,1
9907974,2
9908023,1
9908038,1
9908132,1
1494935,1
166876,1
3479763,1
9908912,1
8633752,2
3479922,1
3026654,1
3480185,1
9909073,1
9909088,1
3481080,1
9909485,1
9909503,1
9909609,1
3377910,1
3482009,1
9910089,1
3482738,2
9910196,3
9910210,1
1218387,3
9910272,1
3482944,1
9910387,1
3483486,1
3483554,1
3573986,2
4791000,1
3215050,1
9911154,1
9911226,1
9911295,1
9911673,2
9911727,1
9911732,1
4025398,2
5534883,2
5956194,3
9911922,1
7839055,1
4449132,1
9912347,1
9912352,1
3487750,1
8774188,7
3487819,1
7099696,1
3488208,1
9913091,2
9913135,1
9913163,2
9913215,1
9913279,1
9913330,1
3488563,2
3488794,1
9913538,1
3488848,1
3489022,2
1569375,2
9914398,1
1204272,1
9914479,1
3491608,1
9915061,1
9915107,1
9163716,2
2056928,5
9915321,1
9915476,1
9915547,1
9915628,1
7969917,1
9915952,1
9915972,1
9102153,2
4554739,1
6130313,1
9916525,1
1382589,1
9916865,1
9916927,1
3493969,1
3260679,1
9917239,1
3494329,3
3494413,1
3494616,2
1020896,2
295785,3
9917694,1
3494719,1
9918082,1
3495296,1
9918221,1
9918252,1
3495696,1
3496109,1
9918875,1
9919006,1
9919017,1
9919065,1
9919276,1
9919360,2
8558134,2
9919466,4
3496675,1
653181,2
9920418,1
9920592,1
9920880,1
9920913,1
9920969,1
3497450,1
9921159,1
9921167,1
8895495,3
8873202,2
3497792,1
9921658,1
9921720,1
3498066,2
8529296,1
9921985,1
1541434,4
432337,1
9922112,1
9922247,2
4023300,2
3498926,6
9923189,1
6582047,4
9923270,1
9923393,1
9923464,1
9923574,1
9923774,4
9923779,1
9923875,1
1379640,4
6519759,2
3196935,1
3499452,1
9924285,1
9924458,3
9924663,1
9924680,1
227261,4
643507,3
9925162,1
4163058,1
3501235,1
3501319,1
9925358,2
9925604,1
5423705,2
9925715,1
9925728,1
9925770,1
9926068,1
9926181,1
8885465,3
3503516,1
9926589,1
1388146,4
3504091,1
9926836,1
9926898,1
9926919,1
9926960,1
9927083,2
3504236,1
9927366,2
9927639,1
3506649,1
8990417,2
965892,2
242554,4
3724455,1
4070996,1
9929142,1
9929197,1
5532499,1
9929386,1
9929401,1
9929464,1
9929489,1
9929621,1
9929633,1
3508278,1
8725689,4
9929737,1
3508522,1
9929943,1
3508835,2
4727721,2
9930096,1
9930119,1
214999,2
9930260,1
9930523,1
9930694,1
9930771,1
9930868,1
3509992,2
9931192,1
77866,4
9931229,1
7342991,2
9931473,1
3510321,1
9931648,1
9931701,1
3511020,1
9931951,1
7630847,1
9932105,1
9932251,1
9932272,1
2464051,2
9932899,1
106360,6
1916307,2
9933198,1
9933296,1
9933438,2
9933611,3
3512160,1
528564,2
9062860,2
3512506,2
9933885,1
2242300,2
9933978,2
8692286,4
2054778,2
9934066,1
9934089,1
3513069,1
3513143,1
3513273,2
9934822,1
3513290,2
9934890,1
3513425,1
2105828,2
9935201,1
3515852,2
3516152,3
3516709,2
3516885,3
1979046,1
3517204,1
3517571,1
3518047,2
3558772,2
3518946,4
3519164,1
9935875,1
3519576,2
3520213,2
4539889,1
9936176,1
9936196,1
2262321,1
3520396,1
3520928,1
3521031,1
3521036,1
540926,2
9936437,1
7647308,1
9936498,1
9936557,1
3521704,1
9936807,1
2968388,1
3522244,1
9937259,1
3522972,1
9937488,1
9937596,3
3523192,1
9937939,1
3523539,1
3541619,1
9938569,2
3524193,1
9938638,1
9938693,1
9939115,1
9939143,1
3525458,1
3525629,1
9150108,3
3526140,1
2468299,1
3526466,1
3554243,1
3557973,2
3544719,1
2994813,1
9939960,1
7995494,2
3528972,1
1741737,2
9940180,2
9940333,1
9940334,1
9940339,1
3529464,1
2412282,1
3529587,1
1305692,2
9940496,1
9940586,1
9940590,2
3537051,1
2983774,1
9941028,1
3535767,1
3531238,1
9941165,1
3550007,1
3531330,1
9941195,1
3537219,2
2269706,1
9941427,1
3531605,1
3522121,5
4487413,4
9941575,1
1669439,2
3541781,1
9941708,1
9941847,1
3532640,1
7496071,1
2841912,1
3268891,2
4472131,1
9942321,3
9942371,1
9942426,1
3543999,1
9942465,1
1058343,1
9942628,1
9942910,1
3542746,2
3542717,1
3544802,1
3545481,1
9943263,1
3546625,1
3528727,1
3547702,1
3547589,1
3548998,1
3548962,2
9943590,1
8993115,3
4487033,1
1058978,1
3551786,1
9943869,1
1307494,1
3553042,1
3528518,1
9944008,1
1285514,1
3554069,1
3554222,1
3555122,1
2990129,1
3554948,1
3555262,1
966593,1
964117,2
3555769,1
3556103,1
998600,2
9944404,1
8993003,2
9944487,2
3556507,1
3557173,1
3557420,1
9944603,1
1472227,1
3558326,1
3558229,1
2025895,1
3558600,1
2984737,1
3559032,1
3558943,1
3558911,2
3558908,1
745188,1
3559652,1
3560507,2
3560912,1
3560859,1
9945550,1
9945616,1
3561842,2
7087645,2
9945863,1
9945977,1
9946103,2
5433653,1
509577,1
9946582,1
3562325,1
9946736,1
9014496,3
100586,2
3562994,1
5663590,1
3563113,1
9946967,1
3563168,1
9947002,1
3563095,1
3563267,1
9947892,1
1809139,2
9948138,1
6846182,1
3564012,1
9948396,1
3077251,2
9948812,1
9949049,1
9949151,1
9949276,1
8550402,2
527082,1
7195481,1
4151570,3
9950281,1
9950282,1
9950385,1
9950723,1
9950775,1
9951006,1
3567679,1
3567754,1
9951082,1
9951428,1
9952148,1
9952505,1
5362840,1
9952828,1
3569518,1
3571914,3
9952932,2
551897,3
9953042,1
9953084,1
9953322,1
9953352,1
9953386,1
9953524,1
3573973,3
2563382,1
9953956,2
3574555,1
3574573,2
9954326,1
3574868,1
9028672,6
9954726,1
8414927,2
9955030,1
9275673,3
1357978,1
9955232,1
9955254,1
3575803,1
9955324,1
1250495,1
9955579,1
3576114,1
9955643,1
5672215,1
3576782,1
9956099,1
9956126,1
9956326,1
9956336,1
9956462,1
3578739,1
504884,2
9956812,1
691236,1
3579157,1
4579768,1
1351219,3
9957946,1
9958192,3
3579650,1
3579760,2
4908475,1
4628770,4
9958668,1
3874581,1
9959123,1
9959165,1
3580548,2
3580658,1
8238229,1
9959850,1
4047854,4
9960061,1
2984712,1
3544011,1
3581242,1
9960144,2
9960158,1
3548727,1
3535139,2
9120610,2
3581748,1
9960750,1
3581955,1
442148,3
9961086,3
3582331,1
9961113,1
3582447,1
9961328,1
9962027,1
9962154,1
9962427,1
8763056,3
836764,2
9962568,1
2832150,3
95506,1
9963271,1
9963488,1
9963516,1
1090276,3
9963663,2
3585705,2
9964016,1
9964068,1
3585614,1
9964233,1
3585875,1
9964472,1
3966701,1
9964975,1
9965007,1
9965187,1
2523895,1
9965468,1
470525,2
9965807,1
9966008,1
950899,3
9966172,1
3588032,2
9966267,2
1839,3
1216471,2
9966344,1
3588355,1
9966384,1
9966387,1
1822501,2
3588815,1
2027089,2
9967126,1
9967157,1
3590439,2
9967428,2
9968199,1
1082479,2
3591112,1
9968433,1
1829055,1
9968610,1
9154809,2
9968791,1
9968897,1
3592063,1
3592061,3
1232645,3
3592429,1
4663761,1
9969108,1
3593085,1
9969160,1
9969315,1
9969362,1
9969412,1
1744281,2
4885262,2
3593437,1
9969987,1
4020040,2
1883209,1
186879,1
8968629,2
7007368,1
9970404,1
3616148,1
9970611,1
2493341,4
9971034,1
9971108,1
9971824,3
9972104,1
9972224,2
5506016,2
3884029,1
9972625,1
9972751,1
3884327,1
9972880,1
3884551,1
9973155,1
3885122,1
9973554,1
9973773,1
3402666,1
4980632,3
9973874,1
9973914,1
3134592,3
9974130,1
3885528,1
9974378,1
9974869,1
2444812,2
3886548,1
9145275,2
6880626,1
9976246,1
3893150,1
9976559,1
8847231,2
9976635,1
3893403,2
8694728,2
3893884,1
9977964,1
3894164,1
9978103,1
8930777,3
9978184,1
9978199,1
1137996,1
9978273,1
3894635,1
9978542,1
9978571,1
9978665,1
9979038,3
4719010,2
9979413,1
3895942,1
9017984,2
9979687,2
3896087,1
9979756,1
7083992,1
9980451,1
3898486,1
9980967,1
9980980,2
9981217,1
9981311,2
9981499,2
2802589,2
9981573,1
736201,3
9981759,1
5104501,2
3900070,1
3900247,1
3900324,1
9982346,1
9982373,1
3900770,1
9982526,2
9982740,1
3901808,1
3901854,1
3902415,1
9983522,1
9983537,1
3903073,1
2146261,1
9984028,1
9984160,2
9984200,1
3903852,2
3904101,1
3904184,1
3904229,1
7045270,1
9985007,1
3904777,1
9985560,1
5004491,1
2979915,1
9985919,1
9986311,1
3907271,1
3907393,1
3908042,1
676148,1
9987142,1
1895612,1
4079776,2
3911011,2
9987656,1
3912056,1
3912323,1
9988094,1
9988186,2
9988368,1
3912789,1
9988722,1
3913897,1
9988937,1
1040603,4
9989110,2
9989377,1
9989382,1
3140675,1
3914357,1
9989672,1
2821198,1
3915721,1
9990227,1
9990294,1
3916577,2
9990596,1
6711202,2
8747388,2
9991299,1
9991447,1
9991701,1
9991805,1
5992189,1
9992301,4
9992332,1
8972227,5
9992445,1
3918679,1
9992454,1
9992572,1
9992836,1
9993013,1
9116196,2
3713293,1
5989142,1
3919362,1
9994029,1
1155321,1
3920063,2
3920113,1
3920173,1
3920433,1
3920508,1
8339466,1
9994384,1
3922605,1
3922596,1
2982286,1
3923773,1
9995468,2
9995608,1
149553,1
8933252,2
9995956,2
9996042,1
9996283,1
2597315,4
9997182,2
9997329,3
9997356,1
1995351,1
9997632,1
9997753,1
9997941,1
9997969,2
9269374,3
3925739,2
9998525,1
9998536,1
9998597,1
3926241,2
4603533,4
3926972,1
301111,2
1348096,2
350564,1
9999563,1
91593,2
3929196,3
10000688,1
3929324,1
10000753,1
10001095,1
1247750,1
3929905,1
1435379,2
10001577,1
10001958,2
10001975,1
3930118,2
3930286,2
10002195,1
10002254,3
3930769,1
3431395,1
3432068,1
3931311,1
3931458,1
10002590,2
10002693,1
10002848,2
10003001,1
4392274,2
888835,2
10003410,1
10003418,1
10003508,1
3932082,1
10003619,1
1276791,1
10003771,1
10003893,1
3932603,1
3932724,1
3932707,1
10004123,1
1670300,2
10004313,1
10004435,1
10004516,1
10004533,1
10004861,1
10004934,1
5199575,2
7542420,1
417404,3
10005755,1
10005836,1
10005941,2
10006720,1
3936227,1
3936255,1
3936176,1
3936417,1
3936324,2
10007008,1
10007047,1
10007095,1
10007147,1
10007469,1
3937739,1
10007773,1
10007784,1
2673716,1
8960508,3
5611401,1
3938149,1
7082311,1
10008242,2
8860915,3
10008410,2
10008864,1
3939223,1
2825847,1
3939656,1
3939316,1
3939438,1
3939761,1
10009153,2
4469391,1
10009393,1
10009436,2
10009598,1
10009709,1
10009813,1
10009883,1
10009948,1
10010016,1
6170025,1
1066266,2
1066527,1
4845613,1
3984612,1
10010094,1
101525,3
10010176,1
10010499,1
10010556,2
10010636,1
8984627,4
10010820,1
3985848,1
3985954,1
10011004,1
10011178,1
2663444,1
3986539,1
10011436,1
10011605,1
10011765,1
10011820,1
10011932,2
642738,3
3986932,2
10012449,1
10012566,1
10012820,1
3987108,1
10012941,1
264144,1
3987245,1
10013035,2
8789215,4
10013202,1
10013335,1
7371781,2
484776,4
6304463,1
3988530,1
10014211,1
10014315,1
10014721,1
10014843,1
10014846,1
10014871,1
10014873,1
560117,1
10015118,1
4151428,3
10015530,1
1011199,9
10015650,1
10015693,2
3990725,1
10016043,1
5536087,2
10016274,1
2223432,1
3992600,1
1602072,1
10017047,1
10017057,1
10017157,1
10017164,1
10017215,1
10017222,1
10017247,1
2203032,1
3993741,1
10017419,1
8862701,4
3993959,1
2951490,4
10018339,1
3644000,1
10018561,1
3994599,1
1953825,1
3994764,1
10018810,1
10018923,1
10019061,1
10019084,2
10019095,1
3663988,1
10019312,1
10019339,1
3994947,1
10019381,1
10019476,1
10019682,1
3995717,1
10019931,1
3995850,1
10020806,1
10020889,1
10020890,1
10020891,1
1748575,3
3996762,1
10021331,1
10021338,1
3997453,1
10021484,1
10021587,1
10021657,1
10021968,1
10022008,1
10022023,1
1704067,2
10022156,1
3998088,1
3998116,1
10022304,1
10022607,1
3631188,1
10022701,1
10023059,1
10023112,1
1349685,1
768562,1
10023545,1
7279490,2
10023690,1
10023868,1
10023984,1
10024166,1
3999321,1
10024306,1
437512,7
10024385,5
1621205,2
9162182,2
10025861,1
10026038,1
10026040,1
10026085,1
8700410,1
4002662,1
4002734,1
10026659,1
10026791,1
4002949,1
10026848,1
225731,5
4003481,1
4003498,1
10027312,1
2652595,3
10027494,2
442550,2
10027637,1
4004199,1
4004679,1
4004815,2
4004984,1
10028049,1
4005214,1
10028228,1
10028440,1
1418047,2
10028701,1
1066837,3
10028918,1
10028923,1
10029017,1
4007696,2
10029483,1
10029581,1
10029727,1
10029759,1
7836806,2
3022912,1
10029791,1
8930823,9
4009010,3
10030107,1
4009096,1
234009,4
10030269,1
4009337,1
10030520,1
7852284,1
10031004,1
119381,3
10031424,1
10031517,1
4010438,1
4010486,1
4010540,1
4010637,1
4010671,1
4011093,1
8789202,3
4011344,1
8955367,3
4023667,1
4023934,1
547982,5
4024780,1
4025156,1
10032258,1
10032318,1
10032421,1
4025872,2
9268790,2
4041215,1
10032611,1
4042972,1
6585066,2
9199612,2
10032853,1
4043960,1
4044316,1
723515,1
4045857,1
4046009,1
4047945,2
1142090,3
4064793,1
4064441,2
4658559,1
4065924,2
10033548,1
3066048,1
10033765,1
1917949,1
4080264,1
4080521,1
4080685,1
2667553,2
9183882,5
4081313,1
4081322,1
4081706,1
5558150,1
10034130,2
4083032,1
4105449,1
4107174,1
4107510,1
517104,1
4114207,1
4117488,1
10035207,1
4117888,1
4118330,1
10035228,2
4118869,1
4123570,1
4123609,1
8520676,1
4125528,1
10035442,1
3028457,1
4125905,2
10035496,1
4126542,1
4127080,1
4129403,3
4130363,2
4133217,3
4133636,1
4133721,1
4134464,1
4134286,1
4133790,1
4133923,1
4134111,1
4134699,2
8609441,1
4014612,1
4141208,1
4141753,1
4143059,3
8570998,1
4146125,1
10037581,1
10037589,1
4147605,2
4147656,1
10037685,1
5987494,3
10038089,1
379430,2
4152028,1
10038554,1
4171785,2
3005925,3
10039060,4
10039277,1
10039555,1
10039641,1
10039827,2
4153953,1
10040258,1
10040262,2
10040423,1
10040663,2
5075926,1
8579706,1
10041430,1
10041490,1
10041858,1
10041955,1
4328674,1
10042095,1
10042194,1
10042259,2
3567114,4
4157542,1
4157594,1
10042723,1
10042949,1
10042983,1
10043054,1
3485982,1
10043284,1
1556695,3
2667080,2
10044102,1
10044139,1
10044385,1
4158690,1
10044551,1
4159213,1
525054,3
4159640,2
10045557,2
2375839,1
10045768,3
9150393,3
10045919,1
10046119,2
8891412,2
10046145,1
10046334,1
10046424,1
10046435,1
4167501,1
4167626,1
4167950,2
10046589,1
1435354,2
10047297,1
4939586,2
5800842,4
4168776,2
2428576,1
676468,4
10048008,1
10048269,1
8006204,1
9012311,2
10048711,1
10048754,1
4170788,2
10049324,1
10049519,1
10049619,1
10049794,1
4172107,1
4172112,1
4172136,1
1865595,2
4172335,1
375792,2
10050155,1
4172565,1
10050256,1
4172663,1
4172804,3
10050412,2
10050413,1
4173026,1
4173145,1
10050890,1
10050891,1
10051001,1
10051065,1
4173899,1
4174034,1
4174197,1
215318,5
10051452,1
10051694,1
4175291,1
10051772,1
10051961,1
10051997,1
10052273,1
10052446,3
10052635,1
10052747,1
10053001,1
10053170,1
10053206,2
2427795,1
2825,1
5615307,2
10053602,1
10053849,1
3640046,2
10053886,1
10054297,1
10054662,1
10054741,1
4179333,1
10054964,1
10055068,1
5626768,1
10055471,1
10055659,1
10056036,1
4181161,2
3037916,2
1592518,4
4141818,2
326302,2
4182701,1
7660245,1
10056809,1
166659,2
322124,1
10057270,1
3151947,1
4184518,2
4184627,1
4340471,1
10057512,1
4141580,2
4185314,1
7783803,1
10057737,1
4181214,1
10057832,1
4185981,3
8456875,2
1646732,2
10058424,1
4188773,1
749675,1
10058626,1
10058753,1
4197093,2
1019887,2
10059115,1
4199411,1
10059426,1
4199718,1
10059577,2
10059629,1
10059817,4
10059839,1
10059951,1
7152443,3
1108038,4
5655715,1
10060370,1
10060411,1
10060587,1
10060790,1
4207004,1
10060905,1
4207100,1
10061383,2
10061609,1
4749669,1
1699649,1
10061864,1
10062340,1
4207861,1
6127329,1
10062836,1
4208254,1
5640228,1
5278331,1
10063750,1
10063861,1
4209129,2
10064047,1
4209335,1
10064317,1
10064424,1
672945,1
4430068,1
4209680,1
10065083,1
10065432,2
4075611,1
10065742,1
9274268,2
10065848,1
10065868,2
4210997,1
4211145,1
7400839,1
10066524,1
10066900,1
10066916,1
10066921,1
10067014,1
10067095,1
10067104,1
10067153,1
4212318,2
8963213,2
4694224,2
7896846,2
10067432,1
5510596,2
4138696,1
10067671,1
4213021,1
10067701,1
10067868,1
3535809,1
10068260,1
4214141,2
4214394,1
4442647,1
4214379,1
4214493,1
4214307,2
10068883,2
10068921,2
10068954,1
4214632,3
8629628,2
4214347,1
1704005,4
10069249,2
10069298,2
10069329,1
1812193,2
10069454,1
6686723,1
27496,3
7295247,1
1334212,3
3117047,3
7298479,1
8691936,2
10774413,1
4689883,1
10774508,1
2133195,2
10774536,1
5757362,1
9107289,2
3722584,1
10775128,1
10775423,1
10775459,1
7455790,2
3028480,6
10775766,1
10775841,1
10775890,1
10775925,1
10775960,1
958205,2
7298709,1
7298781,1
294162,3
7321396,1
7320762,1
7320767,1
7321015,1
7321077,1
7321165,1
7321325,1
7321594,1
7321635,1
7321653,1
3699185,1
2150658,1
6546647,1
7322670,1
7323214,1
7323662,1
574467,1
10777252,1
10777476,1
10777656,1
10777963,1
7323812,1
10778098,1
10778101,1
3623090,1
7325178,1
3462768,1
7324815,1
7324841,1
4373112,1
1083891,5
5877923,1
10778618,2
7326020,1
7326275,1
9220899,2
5660656,4
10779009,1
7326970,2
4253002,2
1725086,2
3182818,2
7328109,1
797244,1
7328650,1
1757305,1
2723312,2
799576,1
461145,1
1099500,1
1099743,1
6667622,1
624625,1
7329095,1
1189434,1
10779515,1
10779578,1
9281393,2
5652985,1
7329756,1
5098305,1
7330205,1
140013,3
1704142,2
10779765,1
804008,2
2949546,2
7331106,1
7331301,1
10779915,1
3393180,4
10780229,1
8052308,1
10780459,1
3636094,3
10780586,2
10608123,3
10780727,1
10780803,1
7615113,1
8956711,4
863794,1
5426610,1
7338807,2
8342656,5
7803245,3
3450378,1
3945632,2
10398326,2
10781368,1
46862,2
10781419,1
7344388,1
5877929,1
930789,6
9074930,2
4326047,1
6214204,1
599747,1
975543,2
10781623,1
7346947,1
9244937,2
669862,1
2854889,2
7359179,2
1696437,4
1182301,2
10781848,1
10781876,1
7245400,1
4380267,2
7353032,2
7353994,1
7354409,1
7354901,1
7354895,1
7355562,1
7355455,2
2533348,1
7356176,1
6845744,1
7356238,1
7356210,1
7356664,1
7357156,1
7358189,1
7358506,1
7358455,1
7358672,1
7358761,1
7358704,2
7359674,1
7359673,1
7359777,1
7359935,1
3973575,2
7360453,2
7360728,1
976413,1
7361090,1
7361078,2
10782346,1
7361916,2
7361910,1
7362512,1
904510,1
7363810,2
4267181,2
2376917,3
7365117,1
7365077,2
7365563,2
7365773,1
7366283,1
7366242,1
7366227,1
7366521,1
7366678,1
7366840,1
7367953,1
1798024,2
7368042,1
7368040,1
3683217,2
7368126,1
7368262,1
7368240,1
10782705,1
1386808,4
5796239,1
3881610,1
283378,3
978671,2
7370504,1
7370642,1
5854628,1
7370954,1
7371144,1
7371352,1
7372406,1
7371727,1
6835303,2
707505,1
5671812,1
3937213,1
671668,1
7372186,1
10783526,1
5808444,3
10783548,1
10783624,1
227550,3
10783675,1
7373091,1
10783870,1
10783944,1
7373308,2
1938627,4
7373439,1
10784037,1
7373360,1
10784286,1
7373802,1
10784663,1
7374297,1
10785365,1
10785699,1
10785769,1
10785797,1
5044686,2
7376213,1
6411027,2
7376564,1
7207463,1
7376808,1
10785967,1
10786102,1
7377231,1
7377434,1
10786214,2
7377671,1
2462756,3
7377835,1
3916469,1
5235710,1
7378022,1
2825600,2
7378547,2
1720770,1
8536774,1
4050279,1
5831233,2
7380014,1
7280958,5
7380492,1
7380506,1
7380527,1
184135,1
7380950,1
7096024,4
10788036,2
10788201,1
4665539,2
10788386,3
2422680,1
10788478,1
1019082,1
394698,6
7382292,1
7382318,1
7382343,1
5762125,2
7382555,1
7382624,1
7383069,1
4252392,1
7383188,4
10788651,1
10788787,1
2617772,1
7383887,1
10788967,1
10789064,1
10789102,1
10789109,1
10789364,2
10789421,1
10789618,1
10789619,1
10789792,1
7384110,1
10790075,1
10790224,1
10790405,1
10790410,1
5569757,1
10790482,1
7385202,4
10790514,1
10790630,1
10790732,1
10790821,1
10791146,1
6562560,2
5001079,2
6641855,1
7386334,1
7386604,2
7386742,4
10791660,1
10792177,1
746695,1
7387290,1
1608188,1
6531390,3
7387788,2
10608144,2
10792899,1
10793176,1
10793434,1
7388774,1
10793643,1
10793743,1
7389012,1
305450,1
10794256,1
10794350,1
10794515,1
213882,1
10794678,1
6358845,1
6944264,1
10794771,1
10794982,1
7389332,1
10795257,1
7389771,1
10795652,1
10795887,1
10796105,1
10796126,1
7535424,1
7390503,1
7390522,1
7390795,2
790840,2
10796581,3
10796770,1
3188676,1
7391342,2
10797054,3
8936707,2
10797206,1
7086640,1
10797260,1
10797285,1
4318960,1
10797475,1
10797491,1
7392117,1
10797733,1
8867534,3
10797875,1
10797995,1
6853420,1
10798202,1
10798452,1
7388918,1
1436976,1
10798773,1
1943612,2
7393909,1
4808527,3
1691,2
10799008,1
5712262,2
4413356,2
7394449,1
7394662,1
7394786,1
5447424,2
10799614,4
2510352,1
5783686,2
8649347,2
10800107,1
4718474,2
4220127,1
7395915,4
7396394,1
10800604,1
10800636,1
10800724,1
10800800,1
10800850,1
1041844,1
10801047,1
10801059,1
7226083,1
10801352,1
10801560,1
10802229,1
2694924,1
7399419,1
7399340,1
4664963,1
10802607,1
3404561,1
10802818,1
5888257,3
5767728,1
10802918,1
7469269,3
1053468,2
10802996,1
970343,1
7400104,2
8757265,2
5884104,3
10803475,1
4125357,1
10803639,1
3588970,1
3826287,1
7401750,1
7401816,1
10803876,1
10803946,1
8180796,1
10804586,1
10804700,2
10804802,1
10804832,1
10804985,1
10804997,1
6612695,4
10805262,1
10805272,1
10805323,1
8632161,1
10805348,1
10805496,1
10805723,1
7820303,1
10806524,1
10806834,1
10806914,1
10806961,1
4623774,3
1324638,2
10807430,1
10807459,1
10807581,1
6629849,1
1632226,3
7402332,5
7402400,1
7402534,2
7402603,1
7402632,1
7402716,1
5536210,1
7389394,1
7404674,1
7403798,1
7404238,2
7404653,1
7406989,1
7406622,2
7112453,3
1059454,3
7406419,4
7405921,1
7406102,1
7406144,1
7406299,1
7406332,1
7406773,1
10808018,1
7407231,2
7407388,2
10808343,1
1443985,3
2417456,3
4303751,1
974437,1
9042731,3
10808706,1
10808821,1
10808917,1
10809072,1
426896,1
9195602,2
10809131,1
6914440,4
7409658,2
7409878,1
10809222,1
7410510,1
10809541,1
10809548,1
10809553,1
10809559,3
7410995,1
5454651,3
7411340,1
10809665,1
7311266,5
7980046,1
10809803,1
7230605,2
459567,1
2895448,2
10810134,2
10810188,1
7412216,1
955441,2
4718465,1
3408532,3
10810446,1
10810887,1
1754439,3
7412673,1
10811600,1
7412794,1
10811665,1
10811671,1
7412887,1
6604757,2
10812047,1
10812197,1
1243220,1
7687714,1
1887487,1
2008753,1
10812495,1
167768,2
10812757,1
10812923,1
10812926,1
10813142,1
10813918,1
632500,2
10814074,1
6908064,2
10814235,2
10814343,1
10814357,1
10814477,1
10814493,1
10814514,1
10814541,1
10814572,1
10814739,1
10814926,1
6587997,2
3279186,1
10815112,1
10815223,1
10815252,1
1720959,2
7510366,1
10815297,1
10815428,1
635235,2
10582760,2
5758993,1
7414757,1
7815277,1
458746,1
7909942,1
7682265,1
10815843,1
10815879,1
10815886,1
10815996,1
10816059,1
10816223,1
9253185,2
1713635,3
10816495,1
10816679,1
10816898,1
10816942,1
2421965,1
10817051,1
7376274,1
7555979,2
10817200,1
1710073,1
10817216,1
7415850,1
10817375,2
557276,1
10817438,1
10817516,1
10817741,1
10817799,1
10817826,1
2813120,1
7416314,1
10817965,1
10818171,1
10818248,1
2848872,2
10818372,1
5921386,1
7417349,1
10818936,1
10818949,1
1758071,2
811100,2
904308,2
10819468,1
10819574,2
1103559,3
7417972,1
7418138,1
10820150,1
2612496,1
10820595,1
5841462,1
6446050,1
9286801,2
1655350,2
10821089,1
10821168,1
7419027,1
10566070,2
8755767,3
10821450,1
10821464,1
5802487,4
10821493,1
10821573,1
10821694,1
10821718,2
10580718,3
8974534,2
423552,1
1380853,6
7419714,1
10558928,2
10497336,2
10822663,1
1582561,2
7202443,3
10823065,1
1760719,1
10823159,1
10823285,1
10823335,1
10823356,2
7420164,1
10823636,1
8892049,2
10823733,1
3038683,1
10823759,1
7420215,1
10823926,1
10823945,1
10824082,2
7420824,1
4810032,1
7420895,1
10824358,1
7090404,3
7448822,5
10824944,1
1199502,4
10825584,1
10825594,1
10436579,2
10826133,1
10826137,1
10826163,2
10826187,1
10826459,1
10826553,1
10826608,1
5141000,2
10826659,1
7422015,1
116909,3
7239812,1
10827085,1
551646,4
3215162,1
1450371,1
10827612,1
10827657,1
5393508,1
10827809,1
10827846,1
2800996,1
7422637,1
160604,1
1253318,1
8711490,2
2947619,2
3494506,1
10829351,1
10829387,1
10829479,1
8938111,2
10830004,1
7423602,1
1023547,4
4508019,1
10830349,3
7423690,1
10830393,1
7423730,1
10830497,1
10830699,1
147484,3
5903992,1
8931060,7
10830866,1
10830875,1
7424004,1
10831147,1
10831241,1
3514107,2
10831917,1
7563305,2
10832294,1
7424439,1
10832437,1
10832489,2
7424515,1
363259,1
10833068,1
4264727,1
4964073,2
10833265,1
10833273,1
4710769,1
2773510,1
7424909,1
3921,2
211905,4
10834052,1
5918994,2
10834284,1
10834429,1
10834474,1
1361271,1
10834757,1
10834809,1
10835244,1
10835288,1
10835360,1
10835772,1
10835966,1
10835988,1
10484436,2
10484466,2
10836066,1
9286262,3
10836135,1
10836277,1
10836296,1
10836476,1
10836552,2
10836904,1
10836979,1
10837065,1
4270136,1
10837189,1
10837430,1
2365104,1
10837499,2
3254481,2
10837598,1
7426750,1
10837689,1
10838012,1
10555376,2
1269557,1
1797302,1
7427017,1
10838739,1
7427300,1
10838924,1
10838987,1
10839105,1
188235,1
10839370,1
10839381,1
657636,4
7427765,1
7427809,1
10840018,1
10840109,1
10840115,1
10840334,1
5124922,1
10840567,1
7428040,1
10840628,1
1025330,2
10840949,1
10840966,1
10840972,1
6905665,2
10841367,1
4598597,1
10566366,2
8515621,1
2472778,2
5325167,2
12547,2
10841873,1
10841922,2
10841989,1
5752404,2
935845,1
10842062,2
10842155,1
348912,1
10842547,1
10842574,1
10842706,1
10842876,1
10843206,1
10843263,1
430349,2
10843978,1
10544107,2
4138548,1
7429568,1
10844852,1
10845102,1
8404899,1
10845340,1
10845382,1
10845454,1
10845587,1
10845665,1
10845761,1
10845819,1
10845861,1
10845876,1
7429957,1
1242649,1
4747974,1
7429989,1
10846223,1
1065299,1
10846422,1
8878779,3
10846461,2
783729,2
10846659,4
10846755,1
1858788,1
10846931,2
10846962,1
10847188,1
10847249,1
6627656,2
474621,1
10847828,1
7430421,1
10847885,1
7430650,1
10848082,1
10848152,1
4659336,5
10848315,1
10848325,1
10848391,1
7431213,1
10848545,1
7411782,4
10848817,1
10849110,1
10849235,1
7431570,1
8964388,2
10849656,1
10849956,1
10850007,1
4442380,3
10850214,1
10850466,1
10850473,1
10850507,1
10850822,1
948016,1
10851200,1
10851217,1
2823087,6
10851292,1
10851520,1
10852038,1
10852227,1
10852261,1
10852325,1
10852438,1
10852463,1
4358227,1
10852862,1
10852923,2
10853023,1
10853025,1
10853346,1
5454336,1
4517376,2
10853733,1
10439351,3
10853952,1
10854102,1
5551560,3
10854238,1
10854298,1
10854431,1
4895985,2
10854523,1
4704089,1
7434112,1
824935,1
7434303,1
3093409,1
4023245,1
10855781,1
1661527,2
1240058,1
10856033,1
7514845,3
10856664,1
10856667,1
10856690,1
7434831,1
10856832,3
10856902,1
10856924,1
10857088,1
7435147,1
1684238,1
419726,3
10857279,1
10857401,1
7435322,1
7231502,1
10857463,1
10857780,1
2740611,1
10858007,1
10858141,1
10858221,1
6159531,1
10858409,1
7435488,1
7435578,1
10858789,1
10858834,1
10858874,1
3441756,1
10858917,1
7435613,1
10859078,1
10859155,1
3227259,2
7195905,1
10859552,1
173754,2
10859685,1
10860434,1
10860449,1
9217332,2
7436425,1
7436436,1
7436457,1
10860832,1
10860837,1
10860988,1
10861055,2
10861159,1
10861551,1
449660,3
10862144,1
10862283,1
10862292,1
10862415,1
10862496,2
10862736,1
10560146,3
1622635,2
10863224,1
1761561,1
10863526,1
10863586,1
10863727,1
7437487,1
10863805,1
7437650,1
10864385,1
6826857,1
4943646,1
10865444,1
8132141,1
10866423,1
10866437,1
10866597,1
10866647,1
7439065,1
10866966,1
3608722,1
10867169,1
7439901,1
3581358,2
3848913,1
7439939,1
7440070,2
7440086,1
10867706,1
10867830,1
10867865,1
10867931,1
1517788,2
7440309,1
1678193,4
10868502,1
10868616,2
481784,2
6951232,1
7608576,1
10869019,1
10869101,1
7440849,2
10869142,1
10869175,1
7441090,1
3321785,2
10869544,1
10869822,1
10869826,1
10869900,1
10870010,1
10870023,1
10870175,1
10870327,2
10870435,1
7441520,1
10870492,1
2868855,1
10870592,1
574853,2
10870910,1
1439163,2
10870977,2
4265556,1
10871073,1
1634216,1
10871258,1
10871469,1
10871515,1
10871554,1
7442077,1
10871770,1
8803360,2
10872056,1
10872062,1
10872091,1
10872098,1
10872282,1
7442427,1
10872334,1
10872389,1
10872433,1
10872846,1
7442607,1
7442605,1
10872925,2
10872941,1
10873054,1
10873070,1
7490659,1
10873199,1
10873284,2
1451699,1
1562953,9
10873640,1
10873697,1
10874030,1
8683927,2
10874733,1
10874829,1
3914363,1
10875314,1
10875321,1
7444096,1
10875722,1
4348246,2
10875873,1
10875954,1
6578173,2
6848389,1
7444305,1
10876819,1
9282509,2
4384486,1
10877220,1
10877384,1
4090005,1
10877631,1
10877656,1
9015386,2
10878115,1
2362610,3
10878271,1
10878467,1
10878536,1
670836,3
1331609,1
10878709,1
10878953,1
10879266,1
7446088,1
10879428,1
10879612,1
9116045,3
10879691,1
10879751,1
2615279,2
2718037,1
10879994,1
5502170,3
10880203,1
1110971,1
4638162,1
10880613,1
2791631,1
7109211,1
10880829,1
8676550,2
10881173,1
10881328,1
10881454,1
10881593,1
7447207,1
10881789,1
9266116,2
10881893,1
10882048,1
10882247,1
10882517,1
6853563,1
3950910,1
326076,1
10883128,1
10883140,1
7144234,1
10883347,1
10883399,1
10883419,1
7447871,1
2015611,1
4621203,2
10883786,2
10883805,1
10883866,1
8686928,2
10884412,1
10884457,1
7737010,1
142377,1
187158,2
5952932,2
10884701,1
5601453,2
7448241,1
7448255,1
10884950,1
10884963,1
10885006,1
2434202,1
10885302,1
10885431,1
9067866,3
10885665,1
9066515,2
10886050,1
10886088,1
10886256,1
974045,1
10886324,1
4897511,1
10886730,1
10886838,1
7449212,1
10886857,1
10886879,1
10457631,3
10887351,1
10887555,1
10887558,1
7449517,2
9211598,2
10887683,1
10887886,1
10887908,1
10888000,1
8953458,3
6514161,2
10888678,1
6315807,1
7450077,1
10888863,1
10889024,2
10889101,1
10889123,1
10889296,1
10889298,1
10889358,1
10889422,1
4401764,1
10889535,1
10889810,1
10889883,1
10889973,1
1770080,1
10890087,1
10890202,1
10890258,1
1938355,2
10890551,1
7450594,1
305335,1
10890930,1
10891046,1
10891337,1
10891406,1
10891456,1
10891530,1
7540005,3
10891633,1
10891644,1
10891713,1
10891884,1
10891893,1
6715586,2
7450984,1
1795070,3
7451020,1
3083587,2
10892137,2
6884575,2
9160080,2
10892378,1
10892601,1
10893063,1
646836,1
10893286,1
40718,1
7121975,1
10893741,1
9190109,2
6346181,1
10894041,1
3983410,1
10894233,1
10894271,1
10894304,1
730772,3
10894508,1
10894593,1
2193218,1
10894648,1
10894904,1
7451590,1
209977,2
7451637,1
10895145,1
10895200,1
7451700,1
10895310,1
2922308,1
10895469,1
4211998,1
5351709,2
10896132,1
10896245,1
10896327,1
10896413,1
10896469,1
10896567,1
9241833,3
10897394,1
7452588,1
10897686,1
4272238,1
7452613,1
10897751,1
10897781,1
7283234,1
10897858,1
10897865,1
10897894,2
10897912,1
10897964,1
5949505,2
391281,3
10587821,3
7373835,1
10898276,1
3536711,1
10898322,1
9241824,2
7453248,1
10898918,1
7453285,1
7120712,2
10899464,1
10899484,1
9147895,2
4218365,2
7453661,1
1678572,1
1464080,1
7475398,3
658406,1
949967,3
10900998,1
10902004,1
10902137,1
10902161,1
10902212,1
10902672,1
10902721,1
3476808,1
10903157,1
9007236,4
10903619,1
7455391,1
10904279,1
10904293,1
7455346,1
10904722,1
10904741,1
10904802,1
2639946,1
669696,1
10905246,1
10905635,1
7455722,1
1619091,2
10905827,1
10906129,1
7456237,1
10906344,1
2923286,1
10405207,2
10906814,1
2869227,1
10906854,1
10907336,1
10907583,1
10907594,1
10907812,2
3970965,1
10907952,1
7456498,1
8768137,3
10908348,1
10908415,1
10908606,1
10908729,1
7456626,1
10908983,1
10909103,1
8945637,4
10420671,2
10909287,1
4386870,1
6612152,5
10909511,1
10909574,1
422674,2
10909656,1
10909855,1
10909920,1
10909954,1
10910151,1
10910316,1
10910414,1
10910444,1
7457069,3
10910769,1
2827343,1
10911173,1
7158457,1
7158454,1
10911492,1
7457445,2
10911665,1
7457806,1
7485248,1
7458225,1
10912015,1
6719545,2
7458392,2
10912384,1
10912386,1
10912522,1
10912525,1
10912742,1
1553717,1
10912832,1
5351611,2
10913375,1
378934,1
10913548,1
10913550,1
10913696,1
2750709,1
168333,1
10914302,1
10914319,1
5303642,1
10914829,1
10914841,1
10914850,1
4084601,1
9216142,5
10915971,1
2596717,1
9153763,2
2792408,1
6895522,2
10916335,1
10916359,1
10916446,1
10916788,1
7168068,1
475097,2
7466656,1
10917457,1
10917680,1
10917696,1
10917910,1
7466842,1
7466849,1
7466876,1
5564510,2
10918135,1
10918221,1
6039785,1
10918596,1
7467255,1
10918617,1
10918636,1
10918909,1
3037499,1
10919275,1
10919470,1
10919652,1
10919753,1
7467522,1
10919912,1
7467553,1
7467568,1
10920141,1
10920386,1
7467833,1
10920671,1
10920806,1
2653520,3
7467913,1
10920910,1
972284,1
3022878,2
2460471,1
10921655,1
10921923,1
10921977,1
8801672,3
10922244,1
10922407,1
10922450,1
8945373,2
10922821,1
10922853,2
10922902,1
10922969,1
982737,4
3426473,1
10923434,1
10923441,1
6996228,1
5304472,1
1004988,3
8928718,2
10924124,1
10924286,1
10924330,1
10924346,1
10924348,1
10924678,1
10924722,1
10924986,1
7468599,1
10925447,1
10925518,1
8455931,2
10925575,1
10925606,1
295310,1
10926263,1
6230031,1
6592850,1
10926589,1
8444704,3
10926940,1
10926954,1
10926995,1
10927108,2
1017751,2
10927389,1
10927471,1
10927498,1
10555383,3
10927688,1
10927744,1
8999440,2
10927816,1
10928065,1
10928072,1
10928263,1
2820071,3
10928353,1
10928391,1
10928497,1
10928500,1
10928502,1
10928960,1
7470041,1
7470082,1
4759517,1
500707,2
10929503,1
10930033,1
10930160,1
5457624,1
10930482,1
7470760,1
10930700,1
7470891,1
7470935,1
10931333,1
10931664,1
6903246,1
7471245,1
8505746,2
5742765,2
10932368,1
10932370,1
7471456,1
6835815,1
4212080,2
4938362,1
7472158,1
7472151,1
10932803,1
10544774,2
7472603,1
10933391,1
5605031,1
10933497,1
7473008,1
10933897,1
7473046,1
9058735,3
10934151,1
7336167,1
7473208,1
10409081,3
9065368,3
7473387,1
7473260,1
10934593,1
10934640,1
10934729,1
10935060,2
7477930,1
10935118,2
7474385,1
5800083,3
4343555,4
10935843,1
10936052,1
1474961,1
3827899,1
10936200,2
7475118,1
1039323,4
10936351,1
7475267,1
7475293,1
8703089,1
10936572,1
10936611,1
10937146,1
4655400,1
10937399,1
10937432,1
7475653,2
10937555,1
7878764,1
10937766,1
5507477,1
5809491,3
2378770,1
10937933,1
10938001,1
10938109,1
3441757,1
10938200,1
5565323,1
5795002,2
10938593,1
10938639,1
2812874,2
10938802,1
10939231,1
10939572,1
7478794,1
10939911,1
10940117,1
10940192,1
10940232,1
10940268,1
10940676,1
10940871,1
10941131,1
10941191,1
10941515,1
2987825,1
7479312,1
10941770,1
10942007,1
10942165,1
10942325,1
4481045,1
10418293,2
10942801,1
7479592,1
435200,1
10942975,1
189108,2
10943153,1
7479689,1
10943274,1
10943331,1
10398553,2
10943450,1
10944327,1
1345577,4
10944350,1
8720959,2
9075947,2
7468491,1
10944761,1
10944844,1
8949265,2
10944864,1
10944930,2
10945395,1
4758267,1
10945577,1
3570740,2
7481861,1
10945943,1
6596278,2
10946140,1
180221,2
10946358,1
10946675,1
10946707,1
5662773,3
1234765,3
1060359,2
10947139,1
10947188,1
9104895,4
2886640,2
10947524,1
10947639,1
7482650,1
10947944,1
10947966,1
10948102,1
7482742,1
10948329,1
10948331,1
8098665,1
7029672,1
10948471,1
5355583,1
10948580,1
7489005,1
10948620,1
10948681,1
10948709,1
10948746,1
7482948,1
10949098,1
10949147,1
8897727,2
4908628,1
5665903,1
10949849,1
6595706,1
10950025,1
10950253,1
10950520,1
10950529,1
7483466,1
10950990,1
10951016,1
241204,5
7397555,1
10951622,1
7484075,2
6626457,2
1244553,1
10952149,1
10952482,1
10952648,1
10952763,1
10952823,1
7484387,1
7484343,1
3952787,1
10953030,1
7484451,1
7484417,1
10953072,1
10953396,1
10953518,1
3367061,1
1641913,1
10953629,1
10953634,1
10953764,1
10953946,1
10954069,2
10954184,1
1417378,1
10954308,1
4868366,1
10954517,1
7485516,1
7485675,1
3967491,1
10954726,1
7509868,2
10955098,1
10955144,1
10955293,1
10955457,1
2421246,2
7486641,1
10955829,1
10955872,1
10955885,1
10956187,1
10956274,1
2092453,1
7544362,3
10956365,1
494999,1
10956515,1
10956569,1
8844441,2
9275283,2
10957092,1
7492420,1
10957228,1
10527892,2
10957487,1
1307562,1
2399470,1
10957761,1
10957885,1
10958080,1
10958219,1
10958269,1
7494484,1
10958481,1
10958579,1
10958856,1
10959394,1
10959685,1
10959717,1
10959861,1
4640606,3
10960002,1
535818,1
7494949,1
301002,3
10960245,1
10960292,1
10960297,1
10960393,1
10960559,1
5006450,1
10960624,1
1014413,2
10960650,1
10960663,1
7495371,1
7495409,1
10960936,1
10961203,1
10961234,1
4140325,1
10961761,1
8864954,2
10961976,1
10961991,4
10962087,1
4617795,1
10538383,2
8403545,3
10962261,1
976412,1
10962606,1
10962620,1
10962957,1
10962961,1
3268475,1
8976857,2
2032239,1
10963271,1
10963337,1
2032241,1
2007525,1
3535699,1
10963422,1
10963617,1
10963618,1
3544227,1
10963906,1
10963997,1
5614563,2
4483623,1
10964221,1
2031203,1
7497944,1
10964346,1
4475646,1
10964417,1
964586,1
7498868,1
3532541,1
10964791,1
10964805,1
10964862,1
4469461,1
4497150,1
3537640,1
10965043,1
10965253,1
9177076,2
10965766,1
10965947,1
10611337,2
10966038,1
10966045,1
10966238,1
10966395,1
872891,5
7500075,1
10966641,1
1645639,1
10967354,1
10967562,1
10967753,1
10967810,3
9117515,2
7500494,1
4008057,1
3780973,1
10968782,1
10968800,1
10968938,1
10968945,1
9024915,3
7500938,1
7501054,1
10969385,1
10969447,1
10969506,3
10969512,1
10969541,1
10470843,3
8023761,1
7959609,1
10969979,1
6904527,1
10970086,1
10970286,1
10970392,1
4219301,2
7501767,2
10971188,1
7502235,1
7501984,1
7502244,3
2041926,1
5048900,3
10971563,1
10971592,1
8852141,2
10972187,1
3794745,1
4847343,2
10972445,1
7502928,1
7503023,1
10973198,1
10973263,1
9243414,2
10973736,1
4139880,1
10973770,1
7503297,1
10973936,1
10974031,1
10974108,1
10974141,1
10974270,1
6554818,1
5614874,2
10974560,1
10974655,1
1962570,1
10974837,1
10974908,1
7503855,1
6867420,3
7503884,1
10975309,1
10975469,1
3108879,1
10975575,1
10975630,1
8788663,4
8861950,2
10975978,1
7504339,1
5235295,1
10976525,1
10976541,1
10976554,1
10976694,1
2920169,1
7319072,1
10976785,1
3637878,1
10976889,1
10976950,1
873873,3
10977143,1
10977157,1
10977237,1
7690992,2
2950266,1
7504640,2
10977456,2
2683779,3
10977608,1
7505058,1
10977810,1
7505117,1
10977873,1
7505232,1
7505237,1
10978292,2
10978303,1
4086692,1
10978525,1
10978593,1
10978920,1
10978926,1
10978942,1
10979124,1
10979174,1
10979281,1
1649969,1
10979598,1
10979693,1
10979723,1
2891207,1
8041206,1
10980090,1
1709290,2
10980647,1
10980719,1
10980980,1
10981043,1
10981219,1
7506093,1
10981246,1
10981414,1
10981578,1
8229486,1
10982011,1
10982406,1
1192886,6
10982673,1
10982986,1
10983051,1
10983205,1
1300166,1
92118,2
2081557,1
7508285,3
10983756,1
10983772,1
7508488,1
7508600,1
10984204,1
10547169,3
10984293,1
10984349,1
10984748,1
10984862,1
25071,4
6504267,3
10985028,1
8931840,2
26073,4
3064962,2
10985335,1
10985557,1
10985559,1
10985690,1
10985736,1
10986277,1
10986310,1
10986316,1
6884642,4
2411272,1
7509625,1
7509662,1
10531750,2
4823784,1
7509767,2
7509776,1
10986950,1
10987084,1
10987669,1
10987930,1
10987959,1
7511312,1
7511428,2
10989002,1
10989055,1
10989089,1
9127151,2
732315,2
7512312,2
1073589,3
3260413,1
2190784,1
2310679,1
7513331,1
10991035,1
7514900,4
7810478,2
7515634,1
10991409,1
10991543,1
2940480,1
5686771,1
2531085,2
10992287,1
4915825,2
7279611,1
2307461,1
5515037,1
8812398,2
8679691,1
7327186,1
10993140,1
10993356,1
10993421,1
2869562,3
10993512,2
10993531,1
10994103,1
7518689,1
7518657,1
10994567,1
10994683,1
1032707,2
9093498,2
10994846,1
2103928,1
10994953,1
10994959,2
10995151,1
10995216,1
10995336,1
3164851,1
7519711,2
7519763,1
10996030,1
10996071,1
10996085,1
10996200,1
10996338,1
1279173,2
3372130,2
10996537,1
10996567,1
7520260,1
8481036,1
3628646,1
10996741,2
1126242,1
7520813,2
10996841,1
10997107,1
10997616,1
7613281,1
7398062,2
7522693,1
10998284,1
7522771,1
6561980,1
7522860,1
7523121,2
10998482,1
10998543,1
10998590,1
10998662,2
10999124,1
10999156,1
10999271,1
3191456,1
7523343,1
10999365,1
10999392,1
7523458,1
10999809,1
10999960,1
11000186,1
7523587,1
11000453,1
11000600,1
11000698,1
11000842,1
7115966,1
11000852,1
11000922,1
11000927,1
7523937,3
7524160,1
1016223,1
11001407,2
11001478,1
11001785,1
7235370,1
11002266,1
11002321,1
7511780,2
7494976,1
11002783,1
11002810,2
7525221,2
9039975,3
11003335,1
1618553,2
3571240,1
3742164,1
5002041,2
11003814,1
4107424,1
11004096,1
11004163,1
11004205,1
11004247,1
11004334,1
10558565,2
11005057,1
11005222,1
7624128,1
11005564,1
11005652,1
11005960,1
11006048,1
11006054,1
11006088,1
5695989,1
6516536,2
11006499,1
11006510,1
11006514,1
11006651,1
5838993,2
11006703,1
11006877,1
5519441,2
7526988,1
8877655,4
11007170,2
11007172,1
11007236,1
11007367,1
11007461,1
6870638,1
3061281,1
7301887,1
11007810,1
4534715,2
8119486,4
4725534,1
11008394,1
11008518,1
11008551,1
7292645,1
632250,1
1769486,2
9195994,2
11008994,1
97312,1
7527587,1
7225144,1
3394884,1
11009433,1
11009556,1
11009656,1
11009734,1
11009749,1
4512929,1
8747287,1
11010368,1
4076438,2
11010726,1
11010786,1
11011006,1
11011010,1
1872534,1
6521057,1
11011167,1
8225149,1
11011201,1
11011396,1
7797659,2
11011452,1
7532147,1
7953966,1
11012222,1
5768419,1
4529158,2
11012608,1
1777763,2
7530444,1
6898369,1
11012828,1
11013060,1
11013131,1
9000176,2
11013310,1
11013510,1
11013615,1
11013656,1
7531628,1
726261,3
11013832,1
9202630,2
11013983,2
11014083,1
11014084,1
11014136,1
11014171,1
10478414,2
11014545,1
4255107,1
7534365,1
6609443,2
1695644,2
781933,1
5034791,1
7535751,1
7536228,1
7536233,1
7536500,1
7536622,1
7536744,1
7536968,1
3739407,1
7537820,1
7134469,2
7538526,1
7538707,3
7538828,1
42605,1
11015676,2
7539346,1
2264318,3
11015846,1
11015937,1
11016022,1
9242702,3
6517987,1
11016625,1
7540023,1
4525592,2
1488324,2
7541171,1
7541344,1
11017235,1
4064161,1
11017367,1
11017398,1
11017435,1
11017448,1
11017687,1
1699434,1
11017970,1
11018012,1
11018047,1
10418647,3
7542120,1
11018191,1
6897885,1
2306642,1
4857932,1
11018630,1
8884735,2
1740082,4
11018793,1
5904660,1
2288451,1
11018966,3
3395632,2
4800744,3
11019148,1
8985277,4
11019524,1
10539691,3
11019652,1
11019655,1
11019670,1
11019757,1
1492329,1
10562520,2
1569161,1
11020262,1
11020396,1
11020435,1
11020527,1
11020533,1
11020644,1
11020703,1
11020758,1
11020885,1
4081850,2
1424403,1
7546414,1
11021088,1
11021141,2
11021153,1
11021365,1
5360653,1
7549023,1
7549365,1
11022136,1
7549679,1
11022289,1
11022339,1
11022359,1
7550362,1
11022875,1
11022946,1
4466332,1
3557068,1
2029344,1
7551569,1
3557316,1
4493508,1
2984501,1
2990948,1
11023569,1
11023805,2
11023857,1
11023887,1
11023889,1
11023963,1
7555710,1
2443370,1
7556734,1
11024585,1
8546092,3
7557173,1
11024975,1
11025058,1
11025388,1
11025443,1
11025502,1
11025963,1
7557608,1
7558072,1
11026164,1
11026214,1
11026257,1
7558805,1
8764948,2
6187237,1
11026377,1
3897406,1
5452330,1
7559597,1
7559969,1
11026711,1
11026747,1
11026784,1
7081941,1
11026843,1
3406542,1
11027137,1
11027213,1
11027241,1
11027345,1
11027433,1
11027522,1
11027549,1
10599469,2
11027705,1
11027771,1
11027860,1
11027869,1
11027901,1
11028039,1
2187119,1
7561361,1
11028324,1
11028670,1
11028798,1
11028816,1
11028846,1
7562042,1
11029284,1
7562523,1
7562979,1
3816002,1
7563253,1
7563459,2
11029736,1
5778120,3
11029787,1
11029842,1
11029881,1
11029949,1
11029956,1
11029957,1
5993375,1
11030196,1
11030326,1
11030333,2
11030380,1
11030387,1
11030482,1
7564387,1
7564745,1
7564793,1
7566251,1
1561392,1
7567832,1
11031604,1
11031653,1
11031726,1
11031744,1
7477566,1
7570658,1
11031837,1
854650,1
3490057,2
5533643,3
4715871,1
383239,1
7482347,1
1356573,1
8217299,2
4993360,2
2935544,2
618097,5
656325,1
3903069,14
4221129,1
4535968,1
4706300,1
4726720,1
4845050,1
5536703,3
5767012,1
7310756,1
365,1
8763403,1
773,2
8764605,1
8765205,4
8765924,1
8766046,1
7288,1
8766753,1
8767193,1
8767350,1
8767624,1
14007,1
8768427,1
8768459,1
8768549,1
8768642,1
8769828,1
18269,1
8291770,1
8770496,2
19792,1
19890,1
8771685,1
21218,1
8772890,1
8772908,1
911757,1
8773140,1
8773176,1
8773967,1
32063,1
8775328,1
8775691,1
8775994,1
8776684,1
8776790,1
221086,1
8779340,1
40899,1
8780804,1
8781591,2
44649,1
8692552,1
53823,2
772599,1
2098919,2
1959909,1
8778349,1
8779191,2
41952,1
8782413,1
6544487,2
8783357,1
8783921,1
8784027,1
8784532,2
8784924,1
8784946,1
5594302,2
1828456,1
8785418,1
8785606,1
8785895,2
58842,1
8786438,1
8786597,1
5188189,1
8786733,1
7010569,1
8787894,1
8788368,1
64899,2
64913,1
5726112,2
65360,1
65960,1
8789608,1
8789913,2
1824554,2
7984880,1
7640260,1
7665241,1
180811,2
8790548,1
8790881,1
8790886,1
1194937,1
2827578,1
72862,1
8792131,1
8792527,1
8792596,1
1449054,2
190878,1
8793208,1
8793385,1
8793497,1
8793768,1
1457703,3
126902,2
8794879,1
8795460,1
8795807,1
83377,1
83368,2
83696,3
8797416,3
87711,1
88828,2
2297117,1
89413,1
8798424,1
5812536,1
89826,1
90128,1
8799604,1
91534,2
91532,1
91559,1
92040,2
92573,2
8800706,1
8801242,1
8801387,1
8801634,1
7836681,2
1564771,2
8802118,1
8802192,1
96148,1
96380,1
8802618,1
99278,1
99395,1
99416,1
101482,1
5363703,3
102007,2
8804747,1
103064,1
8805157,1
103454,1
103500,1
103609,1
103674,1
103934,1
8805330,1
1685378,2
8805938,1
8806264,1
110936,1
111636,1
8806597,2
8806703,1
8807025,1
8807956,1
8808035,1
115314,1
118032,1
119092,1
122428,1
123437,2
124793,1
125438,2
8811123,1
7778767,1
8811980,1
5867233,1
8812094,1
8812332,1
8812412,1
8813119,1
135334,1
2016720,1
8814483,1
8814504,1
8815285,1
8815857,1
5949272,1
154988,1
8816114,2
155840,1
159178,1
159428,1
8816454,1
8816603,2
8816645,2
159701,1
5022335,1
4274369,1
8817354,1
174965,1
185720,1
1151024,2
8818353,1
8818456,1
193076,1
193091,1
193278,1
1596799,1
8819050,1
5586478,2
193479,1
8819305,1
8819606,1
8819797,1
194512,1
194516,1
8820245,1
197142,1
8820683,1
8820742,1
8820878,1
3536215,2
2384968,1
8821473,1
2644480,1
200657,1
8822164,1
200924,2
201977,1
202918,1
8822758,1
8823141,1
990326,1
8823583,1
8823602,1
8824725,1
8825083,1
8556263,1
8826133,1
210371,1
210377,1
210338,1
210457,1
210726,1
210748,4
596691,2
2651334,1
596632,1
8826510,1
2805931,1
8826655,1
8827050,1
8827105,2
8827371,1
336326,1
336902,1
8828567,1
215467,1
215494,1
8829073,1
8829168,1
1754518,2
8829919,1
219689,3
219746,1
219940,2
8830201,1
220947,1
8389339,2
8832207,1
8832532,1
5779935,1
222398,1
222492,1
8833636,1
8834558,1
8834810,1
224041,1
224722,1
8835457,1
21837,1
8835920,1
225482,1
226018,1
226051,1
8836650,1
8837129,1
7866647,1
230167,1
1226703,3
8839513,1
233066,2
8839731,1
234355,1
2876529,1
8840262,1
235158,1
8840471,1
236090,1
236673,1
236891,1
237049,2
237174,1
237197,1
237439,1
8841184,1
239734,1
241194,1
241925,5
241929,1
243978,1
8065220,1
8842260,1
8842901,1
8842941,1
8844570,1
8845559,1
8845958,1
8846129,1
8846385,1
8846610,1
8846802,1
259843,1
4970019,1
261119,1
8759196,2
8848408,1
8848504,1
8848776,1
8409718,2
281448,1
274360,1
279087,1
270602,1
277248,1
277377,1
278594,1
279028,1
278866,1
279794,1
280104,1
279902,1
279899,1
280833,1
281223,1
281253,1
281908,1
8850101,2
8850205,1
283816,2
283905,4
284348,1
284884,1
8851276,1
108998,1
8851360,1
8851394,1
8851481,1
8851551,1
6529332,3
290825,1
8852182,1
1372659,2
292127,1
295637,1
296000,2
295859,1
8854296,1
8854333,1
296517,1
8076318,1
7720316,1
6293974,1
299474,2
696134,1
301136,2
8855933,1
8855946,1
8856310,1
346984,1
8856345,1
346365,1
8856501,1
8856510,1
8856634,1
8856645,1
8857003,1
316879,1
354507,1
357504,2
357899,1
8857418,1
373750,2
8857558,1
8857725,1
8857746,1
369972,1
366576,1
8857851,1
363786,1
8858042,1
2163717,1
8858112,1
8858122,1
8858188,1
8858288,1
8858353,1
5935019,1
8858654,1
374918,1
8859235,1
377858,2
378180,1
8859587,1
8859729,1
8859795,1
382643,1
8859850,1
8859860,1
385240,1
8860843,2
8861642,1
8861726,1
386354,1
387455,1
8862607,1
855803,1
388142,1
388497,3
8863094,1
306886,3
8863417,1
8863516,1
8863641,1
8863681,1
390162,1
8863897,1
2886213,1
8610522,2
8864030,1
8864040,1
8864097,1
390447,1
8864279,1
8864336,1
5446671,1
8865083,1
396042,1
8865447,1
397107,1
397425,1
8865796,1
8865922,1
8866476,1
399365,1
8866801,1
8866836,1
8866905,2
8867397,1
8867449,1
403091,3
405384,1
407768,1
408327,4
8867761,1
8868040,1
409230,1
409503,1
409713,1
409889,2
8868626,1
8869096,1
412054,1
412486,1
413743,1
2922037,1
415277,1
2588391,1
8870038,1
8870118,1
8870148,1
1039792,2
8870490,1
8870496,1
416659,1
6726054,1
8871040,1
428428,1
8871470,1
430322,1
8872166,1
3449600,1
440042,2
440177,1
8873730,1
5963153,2
8874804,1
8874934,2
8875277,1
8875368,1
8875818,1
8876382,1
8876412,1
442885,3
8876612,2
7541856,3
8877109,1
8877147,1
8877222,1
446336,1
446636,1
446896,1
8877898,1
8878221,1
447123,1
2944381,1
2305964,1
8880047,1
8880137,1
8880646,1
8880828,1
454747,1
455217,1
8882188,1
8882431,1
479011,1
4914397,1
5853715,1
7597825,4
8882922,1
8883110,1
8883242,1
8883449,1
1142016,1
7606677,1
8883557,1
7548014,3
8884485,1
8884754,1
8884818,1
8885691,2
8477432,1
8886072,1
523678,1
8886865,1
524289,1
524864,1
524902,1
8888006,1
5208637,1
527237,1
308363,1
8888674,1
529461,1
1244381,1
8891043,1
8891253,1
531262,1
8891455,1
8891709,1
8892449,1
8892485,1
8892600,2
8892641,1
535032,2
8893135,1
536562,1
536659,2
8893737,1
8894072,1
6853428,3
8894564,1
544532,3
204622,3
7029697,1
8894857,1
545386,1
8894980,1
545464,2
8895282,1
8895332,1
8895734,1
8895735,1
545637,1
548443,1
8896592,3
548730,1
548743,1
548759,2
8896833,1
8896947,1
8897750,1
8897896,2
4116506,1
8898236,2
8898301,1
551633,1
8898740,1
552518,1
552739,1
552799,1
558076,1
558445,1
8899213,1
2329531,1
561176,1
5805030,4
8899932,1
8900112,2
562550,1
2993235,1
8901093,1
563207,1
563213,1
421428,1
5138023,1
563447,1
563663,2
566389,1
8902050,1
8902187,1
6028789,1
8902310,1
8902408,1
566885,2
5829026,1
8902949,1
8903212,1
569440,1
8903923,1
8904263,1
8904346,1
571698,1
572148,1
1579724,1
8905907,2
8905976,1
8906085,1
8906432,1
8906449,1
578280,1
582384,2
8906564,1
582780,1
582784,1
8906976,1
8907142,1
585761,1
7546634,1
8907547,1
590216,1
590327,3
590370,1
8908398,1
594951,1
596390,1
599161,1
8910062,1
8910361,1
600016,1
8910528,1
600231,1
600574,1
600771,1
8910844,1
8911030,1
8911265,1
1618189,2
8911878,2
8911996,1
8912009,1
603152,1
3163392,1
604979,1
606467,1
606507,1
606741,1
8913504,1
607279,1
607546,1
8913551,1
607800,1
609724,1
8913864,1
2523758,1
610271,1
610259,1
610394,1
8914607,1
8914628,1
399667,2
8915048,2
6296113,1
6547571,1
611610,2
8915556,1
613658,3
8916093,1
615401,1
8916518,1
616186,1
1136748,1
616247,1
616592,1
8917435,1
8917634,1
620403,1
621334,3
622374,1
8918470,1
8918928,2
8919309,1
625680,1
626127,1
173724,1
633003,1
8920677,1
312094,1
8920940,1
8921312,1
8921508,1
8921530,1
8921613,1
3630693,1
8922028,1
8922075,1
8922224,1
5598966,1
635620,1
2867909,1
8923726,1
8923769,1
8924012,2
8924163,1
8924876,1
7011161,1
8925417,1
643048,1
8925709,1
643636,1
8925862,1
8925884,1
644062,1
646172,1
8926354,1
8926676,3
646551,1
8926711,1
8926747,1
647364,1
8926999,1
155151,1
8927438,1
8927456,1
8927781,1
648499,1
8927888,1
8928925,1
8929313,1
649575,1
8929494,2
5227607,1
3631627,1
8930320,2
650933,1
4959827,1
652180,1
8930812,3
8931045,1
8931093,2
8931129,1
8931683,1
253309,1
8932099,1
8932115,1
8932126,1
657037,1
8932414,1
5373956,1
8932709,1
8932928,1
660346,1
8933033,1
8933077,1
660401,1
660844,1
8933618,1
660972,1
543045,1
8933888,2
8933911,2
453171,1
664541,1
8934128,1
664803,1
665036,1
665697,2
665870,1
8934579,1
666165,1
8934763,1
666699,1
8935174,1
8935221,1
8191136,1
8935371,1
666867,2
3125705,1
667074,1
8935514,1
667193,1
8935697,1
667547,1
8936276,1
676877,1
677200,2
5935814,1
8936868,1
679794,1
680409,1
680664,1
8937129,2
680964,1
681752,2
8937444,1
8937904,1
8937955,1
8937976,1
8938532,1
8938644,1
8938649,3
8938944,1
8939075,1
683709,1
684633,1
1032872,1
684899,1
684973,1
8939859,1
8940062,2
4373932,1
8940373,1
8940563,1
3808816,2
8940654,1
8940900,1
8941103,1
720856,1
721057,1
722465,1
4061489,1
1744631,1
724647,1
724940,1
8943472,1
3020969,2
725981,1
645772,2
8944105,1
8944117,1
726936,1
8944462,2
727637,2
8944522,1
8944531,1
8944612,1
728924,1
5636980,1
8945682,1
7218838,1
8945865,1
8945912,1
8946438,1
8946607,1
730660,1
730721,1
8946739,1
8946859,1
8947013,1
8411317,2
731392,2
8947569,2
731550,1
731712,1
8947695,1
733089,1
8948064,1
8948266,1
8948299,1
8948336,1
8948347,1
8948636,1
8491352,1
735165,1
8949600,1
735663,1
1212744,2
8950043,1
2790456,1
8950281,3
8950793,1
3654409,2
8951088,1
737765,1
738332,1
738780,1
5870680,1
740670,2
8952736,1
8952884,1
8953305,1
742664,1
8954142,2
8954331,1
743899,1
8954828,1
3563307,1
8955014,1
5944375,2
8955454,1
8955641,1
8955683,1
745194,1
8956457,1
8956607,1
747698,1
8956800,1
488450,1
8956875,1
8957031,1
8957303,1
8957349,1
8958054,1
752540,1
8959570,2
8959686,2
779392,1
8960354,1
786636,1
346476,2
8960898,1
791725,1
8961428,1
792110,1
3440575,2
8961872,2
8961890,2
8962091,1
8962268,1
8962529,1
793651,2
794028,1
8963031,1
8963816,1
8964325,1
282788,1
3606820,1
8965133,1
8965697,1
892571,1
893676,1
8966666,1
894519,1
1400124,1
8967217,1
895994,1
8967521,1
1117398,2
896387,1
897670,1
897666,1
8968507,1
8968614,2
8968777,1
8969230,1
8969505,1
8970055,1
902791,1
6849963,2
8970498,1
8970588,1
903714,1
8970963,1
1999410,1
8971296,1
5750827,2
8971938,1
906283,1
8972309,1
908875,1
908879,1
8972779,1
911553,1
3026420,1
8973736,1
8550826,2
915676,1
8974065,1
920160,1
921680,1
921686,1
8974978,1
8975257,1
922168,1
922221,1
923362,1
8975983,1
8976245,1
8976372,1
8976465,1
8976524,1
8976548,1
8976741,1
927897,1
7545505,1
8977737,1
7027153,1
929956,1
8977849,1
932039,1
932364,1
8978347,1
1033859,1
8978642,1
8664660,2
8978904,1
8978963,1
8979115,2
933662,1
8979548,1
946448,4
935603,1
8980038,1
8980187,1
8980367,1
8980648,1
5572573,1
8980978,1
8981114,2
937186,2
8981262,3
8981445,1
8981899,2
8982423,1
8982516,1
8982729,1
939751,1
8983519,1
4145204,1
8984067,1
947241,1
8984959,1
8985029,1
8985147,1
949758,1
8985444,1
4022157,1
8985770,1
950881,1
8986234,2
8987134,1
8987532,1
953125,1
8987695,1
5492682,1
8988048,1
953448,1
8988224,2
8988389,1
8988596,1
8988755,1
8988859,1
956374,1
1083291,1
8989069,1
8989249,1
8989253,1
7340614,1
957808,1
958659,1
958081,1
8990051,1
959459,1
8990991,1
962126,1
8991127,1
5755279,2
8991689,1
7756695,1
8992011,1
964153,1
5024827,1
5825821,1
965056,1
8993011,1
965984,1
966105,1
966137,1
966242,1
8993412,2
8993675,1
8993683,1
8993878,1
8993883,1
8994269,1
8994656,1
8994680,1
969617,2
8995168,1
8995272,1
8995614,1
8995712,2
8995873,1
984417,3
920065,1
1654459,1
8997367,1
990641,2
991264,2
8997706,1
8997776,1
8997858,1
3514683,1
8999051,2
8999324,1
8999543,2
2693947,1
3179285,1
6566871,3
2179517,1
9000471,1
9000639,1
3674531,2
995771,1
9001139,1
997673,1
9001400,1
9001548,2
5255599,1
998534,2
999073,1
9002678,1
1000046,3
9003138,2
1000369,1
9003273,1
9003468,1
9003577,1
9003680,1
1001554,1
9004054,1
1001743,1
9004259,1
9004271,1
1002200,2
9004574,1
1004508,1
9004957,1
9004960,1
9005166,1
9005251,1
1005253,1
1005314,1
9006255,1
9006394,1
913020,1
9006517,1
9006897,1
1007889,1
103412,1
9007902,1
1010417,1
1010505,1
1010795,3
4818517,2
1011084,1
1784200,1
1011341,2
1011334,1
9009380,1
9009988,1
1013280,1
9010279,1
6088634,1
1014344,1
5987482,1
1014588,1
9011082,1
9011216,1
9011353,1
9012292,1
8342476,1
9012728,1
9012841,1
9013135,1
9013468,1
1016043,1
9013733,2
1016282,1
9013744,1
1016694,1
9014766,1
1020552,1
474892,1
9016087,1
9016239,1
9016285,1
4276970,1
9016479,1
1021572,1
381169,2
1022440,1
9017034,1
1023074,5
1024029,1
7219231,2
9017729,1
489833,3
1025646,2
1025675,1
9018733,1
528123,1
6992178,1
774103,1
9019174,2
3055794,1
9019705,2
5776820,2
9020111,2
9020305,1
9020462,1
9020758,1
9021063,1
9021200,1
1029858,2
9022097,1
1429804,2
9022274,1
9022375,1
9022445,1
7496405,1
5817545,1
2008965,1
325931,1
1032455,1
1032636,1
1037528,3
9023711,1
5653191,1
1037583,1
974397,1
4782811,1
9023984,1
9024036,1
1037917,1
7624148,1
9024290,1
9024355,1
1038449,1
9024506,1
1038746,1
9024796,1
9024804,1
9025378,1
1039781,1
1040014,1
213720,1
135235,1
1041868,1
5739596,1
9026829,1
1932899,1
9027238,2
9027306,1
9027629,1
9027734,1
9027806,1
1046652,1
9028573,1
1048528,1
1049593,1
1050267,1
1050713,1
1051022,1
1051078,1
1051204,1
1051214,1
1051599,1
1052432,1
9030831,1
1054752,1
1055012,1
9031073,1
1055668,1
9031598,1
1056417,2
1056482,1
9032569,1
9032768,1
9032801,1
4519496,1
1061377,1
9032929,1
9033591,1
9034040,1
1062255,1
9034446,1
1063890,1
1064397,1
9035074,1
9035125,1
9035131,1
9035414,1
1066761,1
9035701,1
2988297,1
9035868,1
3639339,1
1067623,2
9036136,1
1067860,1
424153,3
5683519,1
9036686,2
717748,1
9037111,1
9037119,1
9037196,1
1068991,1
9037503,1
9038248,2
9038390,1
9038413,1
9038446,2
1071510,1
1071389,1
1072102,1
9038597,1
5793703,1
9038986,1
1073803,1
1073886,2
9039356,1
9039486,1
9039944,1
9040160,1
9040243,1
9040565,1
9040808,1
5010211,2
9040963,1
9040987,2
526668,1
1083778,1
1083404,1
9041156,1
1084365,1
9041720,1
9041813,1
9041946,2
1086484,2
1415753,2
1579975,1
9042220,1
9042250,1
6679597,1
9042676,1
665189,1
9043472,3
9044675,1
1091165,1
1091328,1
9045161,1
9045206,1
1091545,1
1091823,1
1092307,1
9045804,1
1094199,2
9046017,1
9046210,1
806927,1
9046491,1
5140022,1
9046847,1
1095807,1
9046986,1
1096533,1
9047153,1
4931600,1
8726932,3
9048645,1
9048728,1
521124,1
7349211,1
9048966,1
9049224,1
2854492,1
7350524,1
1569361,1
7352039,1
9049530,1
9049534,1
9049656,1
9049675,1
7366571,1
70613,1
7353079,1
9050117,1
9050143,1
9050223,1
9050296,1
9050663,1
7354482,1
9050809,1
9050878,1
9050989,1
9051051,1
5686144,1
9051407,1
2764146,1
7356070,1
9051687,1
9051754,1
9051826,1
9051947,1
7356813,1
9052270,1
9052411,1
9052514,1
9052590,1
9052679,1
9052801,1
9052841,1
9053055,1
9053103,1
7359135,1
9053350,1
9053359,1
2002704,1
7360211,1
1885547,1
1524112,2
2427024,1
9054029,1
9054058,1
9054083,1
9054221,1
9054506,1
9054529,1
9054628,1
9054900,1
9055058,1
9055085,1
9055256,1
4912416,1
9055360,1
1316912,1
9056040,1
9056223,1
9056228,1
9056481,1
9056875,1
3767285,1
3689729,1
9057091,1
9057119,1
9057137,1
7367694,1
9057766,1
9057803,1
9058064,1
2611317,2
9058802,2
9058851,1
7093273,1
1206881,2
9059393,1
8753300,1
9059581,1
9059699,1
8536510,2
4256386,1
1527208,3
9060480,2
9060550,1
466161,1
9060715,2
9060783,2
9061101,1
9061335,1
9061429,1
9061631,1
1140286,1
9062061,1
9062103,1
9062147,3
9062181,1
9062186,1
9062737,1
1143986,1
1145300,1
1145571,1
9063668,1
1145795,1
1145781,1
8379157,1
171123,2
9064327,1
658694,1
9064885,1
9064954,1
9065041,1
9065302,1
1154869,1
9065568,1
9065936,1
1155079,1
9066017,1
9066605,2
1157175,2
9066939,1
9067053,2
1158705,2
729806,1
9067469,1
1159379,1
8420591,1
1159615,1
9067698,1
1159710,1
9067819,1
9068248,2
3097435,2
9068399,1
9068825,1
1161301,1
1161402,1
1161682,1
7197673,2
9069544,1
9069546,1
9069952,1
9069982,2
1164867,1
9070375,1
361847,1
9070532,1
1165154,1
9070577,1
1165358,1
9070676,1
9070700,1
298365,1
9070987,1
9071051,1
9071277,1
9071345,3
9071732,1
9071793,1
9071794,1
2608956,3
9072272,1
9072354,1
9072373,3
1171853,1
681342,1
297286,1
26826,1
1173438,1
663647,1
1174058,2
664282,1
9072706,1
9072722,1
2638578,1
9072852,1
9073429,1
9073600,1
9073604,1
1176833,1
1176841,1
9073972,1
1177156,1
9074509,1
9074774,1
9074909,1
9074982,1
863575,1
1178694,1
1179759,1
2957222,1
3146951,2
1180180,1
9075917,1
9076068,1
1183866,1
9076117,1
1184251,1
3042905,2
9076277,1
9076281,1
9076361,1
9076412,1
9076425,1
9076529,1
9076548,1
1185566,1
7768901,1
1185881,1
9077044,1
9077189,1
1186044,1
9077297,1
9077622,1
9077625,1
1186430,1
9077892,1
768870,1
1189173,1
9079187,1
1189542,1
1190542,1
1190363,1
1192656,1
9079418,1
9079565,1
1193343,1
1193708,1
1193999,1
9080026,1
9080061,1
9080086,1
9080088,1
1194793,1
1195887,1
1198713,1
1198841,1
1201018,1
9080874,1
1201783,1
1202794,1
1202907,1
1202934,1
1203243,1
1203722,1
9082441,1
1205564,2
9082662,1
1223928,1
513711,2
553064,1
1207057,2
9083684,1
1207393,2
9083852,1
1208117,1
9084245,1
732668,2
9084655,1
9085163,1
9085357,1
1212119,1
9085485,1
9085541,1
9085654,1
1212673,1
9086056,1
1213610,1
1214877,1
1215297,1
9086303,1
1217053,1
2179307,1
2179354,1
1217539,1
9086699,1
9086951,1
1219369,1
781517,1
1220746,1
1222745,1
1223322,1
9088463,1
9088582,1
9088696,1
9088814,1
1226730,1
1571100,1
9089275,1
1227904,1
1227934,1
9089292,1
9089440,1
2105305,1
9089836,1
1232392,1
1232491,1
9090298,1
9090461,1
1232811,2
1233050,1
1233504,1
9091406,1
1234259,1
9091711,1
526464,1
1486565,2
1234716,1
9091968,3
9092005,2
9092057,1
9092298,1
1235418,1
1235530,1
9092854,1
1237132,2
1237162,2
344705,1
351850,1
9093427,1
9093912,2
1239160,1
1239164,1
1239188,1
1239190,1
1239322,1
1239349,1
9094133,1
9094254,1
9094389,1
9094668,1
1240108,1
9094888,1
9095055,1
9095067,1
9095955,1
1278806,1
9095959,1
1279362,1
2417180,1
7902023,1
1280212,1
9096839,1
9096857,1
1274061,1
1280206,2
9096978,1
1281479,1
1282702,1
1283057,3
1283005,1
9098052,1
8693399,2
1283650,1
9098348,1
8676705,3
9099432,1
9099522,1
9099770,1
1097966,3
1289815,1
1290593,1
9100446,1
1291986,1
1292755,1
8574672,2
6833206,3
2171499,2
9100896,1
493722,2
6189832,1
9101207,1
1294959,2
9102059,1
1298162,1
9102277,1
1300043,1
1300059,1
9102559,1
9102604,1
1300391,1
9102755,2
9102902,1
9103351,1
6540850,2
9103525,1
1302298,1
1782069,1
1302730,1
1303292,2
9104559,1
697835,1
1304034,2
9105609,1
9105618,1
9105646,1
9105709,2
1308877,1
9105875,1
9106168,1
8538594,2
1309981,1
9106961,1
7561748,1
9107410,2
9107589,1
1320957,1
9107809,1
5879196,1
9107962,1
9107973,1
9108099,1
1337194,1
1311814,1
1311939,1
1312097,1
1312858,2
9109004,1
7791351,1
9109116,1
1314726,2
1315877,1
1315905,1
9109687,1
1316977,2
9109938,1
9110271,1
1318155,1
9110565,1
1321864,1
9111166,1
9111242,1
9111295,1
9111378,1
1323538,3
1323752,1
1324628,2
9112246,1
1328661,1
9112991,1
1329603,1
1329677,1
1330214,1
9114255,1
1330826,1
1331660,3
9114518,1
9114552,1
9114666,2
1333186,1
9114979,1
9115035,1
9115308,1
1333447,1
1333622,1
9115556,1
1693596,1
2927603,1
1335910,1
9116217,1
1336000,1
9116256,1
9116301,1
9116384,1
9116671,1
9116841,1
9117069,1
9117295,1
9117297,1
9117857,1
9118133,1
1344883,1
9118949,1
1346751,1
1347170,2
1347230,1
9120068,1
9120520,1
9120532,1
8419254,2
9120779,1
4297900,1
9121087,1
844966,1
9121329,5
9121846,1
1350945,1
5684634,1
1351047,1
9122771,1
1351554,1
1351560,1
1351559,1
9123182,1
9123265,1
9123275,1
1352362,1
8384425,1
1477643,1
9124495,1
694334,2
9124677,1
9124902,1
9125112,1
9125246,1
9125393,1
1356199,1
9126290,2
9127017,2
3786083,1
5947070,2
1358734,1
9128260,1
3447886,2
6337970,1
9128927,1
4478452,1
9129272,1
9129576,1
9129704,1
9129911,1
2109744,1
1363148,2
9130391,1
1364398,1
9130693,1
8736833,2
9131388,1
9131537,1
1003724,2
1366026,1
1366220,1
1366228,1
9132501,2
2158568,1
1906151,1
9132793,1
9132951,1
3327194,1
9133276,1
9134169,1
9134219,1
1369166,1
4100862,1
9134488,1
1369275,1
1369689,1
9135011,1
9135180,1
9135223,1
1370826,3
62473,1
1371779,1
1371921,1
9136673,1
1373120,1
9137397,1
9137453,1
9137532,1
9137563,1
9137659,1
9137924,1
9137961,1
3580745,1
9138115,1
1375296,1
9138993,1
1375390,1
1375403,2
1375532,1
1375520,1
1375827,1
1376202,1
9139607,1
9139660,1
2612593,1
9140073,1
9140215,1
1379548,1
9140729,1
1379599,1
1379839,1
9140998,1
8660275,1
1381055,1
538004,1
1382151,1
1382446,1
9142452,1
9142535,1
9142714,1
735401,1
1384222,1
1384375,1
1384396,1
1384475,1
1385543,1
9144250,1
1387199,1
9144891,1
5226225,1
4051966,1
9145036,1
433561,1
1055173,2
1388444,1
1388617,1
9145626,1
9145674,1
9145743,1
1389351,1
9146523,1
9146707,1
9146739,1
9146759,1
873124,2
873022,1
1391020,1
9147090,1
7766735,1
9147210,2
7516431,1
1392745,1
9147878,1
9147883,1
1393069,1
9148319,1
1395469,1
9148737,1
9148749,1
9148979,1
1414361,1
9149091,1
9149127,1
9149249,1
9149250,1
9149262,2
1414989,2
1415103,1
1415463,1
9149643,1
9151356,2
1417079,1
9151695,1
9151809,1
1417623,2
1417719,1
1417931,1
1418977,1
4112978,1
1419950,1
9152288,1
5834850,1
4842744,1
2054716,1
9152650,1
1421490,1
9152865,2
1422498,1
9153212,1
1093054,1
4264474,1
1422911,1
1426498,1
9153912,1
9154069,1
9154085,1
9154148,1
1428343,1
1428355,1
1429304,1
9154985,1
9155150,1
9155366,1
9155475,1
2767893,1
1431192,1
9155959,2
1431401,1
9156071,1
9156167,1
9156313,1
9156529,1
9156615,1
9156623,1
9156625,1
9156938,1
1432696,1
9157263,1
9157406,1
9157429,1
9157880,1
1434310,1
9158237,1
9158406,2
9158503,1
9158579,1
6865736,1
1435417,1
1435563,1
9158824,1
1435724,1
1436784,1
1425328,3
8551325,2
9160522,1
9160556,1
9160558,1
9160892,1
6555912,1
9161443,1
9161746,1
1430466,1
1444778,1
9162755,1
9162991,1
9163179,1
9163417,1
7533631,1
9163571,1
841539,1
5919601,2
9164899,1
9165175,2
1446721,1
9165349,1
9165534,1
4041015,1
645360,1
1447599,1
9165995,1
9166423,1
1449977,2
3010435,1
9167122,1
1452536,1
9167682,1
9168042,1
9168327,1
9168376,1
9168486,1
1453207,1
1453209,1
9169444,1
9169782,1
9170122,1
1455131,1
1322777,1
1456266,1
9170363,1
1456285,1
1456380,1
1456470,1
9170662,1
9170967,1
572542,1
6455640,1
8142238,1
2914238,1
9172052,1
9172072,1
9172380,1
3940426,1
560010,1
9172831,1
6221983,1
3277497,1
9173011,1
9173325,1
9173748,1
1459357,1
9174945,1
9175153,1
9175318,1
9175404,1
9175567,1
1471127,1
9175762,1
9175810,1
9175849,1
1471250,2
7589213,1
9176015,1
9176056,1
1471286,1
9176264,2
1471866,2
9176721,1
1991647,2
9177251,1
9177565,1
1481907,1
1482443,1
9178397,1
9178582,1
9178625,1
9178863,1
3340943,1
1485318,1
1485832,1
9180003,1
828262,1
4367957,1
3420177,1
1486207,1
1487498,1
9181017,1
9181314,1
9181794,1
3112900,1
1489284,2
7529742,1
9182674,1
4008584,1
1490700,2
2415491,1
1491113,1
1491159,1
1491235,1
9183695,1
9183709,1
9183726,1
9183765,1
9183909,1
1491503,1
1491562,1
7063888,1
9184788,1
1492199,1
9185646,1
1495889,1
1496004,1
881579,1
1496598,1
1496683,1
1501623,3
1502989,1
1503950,1
1504458,2
1512663,2
1514492,2
1514960,1
9185966,1
5788877,1
9186238,1
1517998,1
1518010,1
9186352,1
1518193,1
1518272,1
1518904,2
1518888,1
1520108,1
1520199,1
1520286,1
1520543,1
1521249,1
1521947,1
1522263,1
1522561,1
1524312,1
1524665,1
1525169,1
1525194,1
1525733,1
1525728,1
1526058,2
1526266,1
1526581,1
1527599,1
506816,2
1528705,1
1529520,1
1529742,1
1530019,1
1530984,1
1531628,1
847995,1
1532853,3
1533241,1
1533905,1
727765,3
1535119,1
1535133,1
1535275,1
5592705,1
9186902,1
9187031,1
1536084,2
1536825,1
9187883,1
840846,1
9188117,1
3728185,1
1538525,1
9188724,1
9188741,1
5046901,1
3403320,1
1538913,1
1539080,1
4669642,1
1540855,1
285852,1
9190302,1
9190463,1
9190489,1
9190770,1
1543150,1
9190964,1
9190978,1
1570469,1
487516,1
9191097,1
9191133,1
9191600,2
9191943,1
1545376,1
9192130,1
9192621,1
9192675,1
1546190,1
9192886,1
1546704,1
1546869,1
9193936,1
9193953,1
9194028,1
1548215,2
1552002,1
9194983,1
8653140,1
1552386,1
1552653,1
1552703,1
1553369,2
1554852,2
5931879,1
9196303,1
9196510,1
9196526,1
6179691,1
367132,1
9197447,1
9197451,1
1556821,1
1557379,1
9198172,1
1557788,2
367615,1
1558059,1
9199032,1
1558300,1
1558331,1
1558327,1
1558687,1
9199888,1
9199900,1
832353,1
5920087,1
350426,1
1560145,2
9200271,1
175459,1
9200940,1
9201233,1
9201368,1
1562068,2
1563718,1
9202140,1
9202382,1
9202383,1
9202954,1
9203479,1
1565175,1
9203921,1
9204164,1
9204228,1
5271558,1
9204543,1
9204582,1
9204902,1
319249,1
1567121,1
9205294,2
9205358,1
1567291,1
9205452,1
8405352,4
9205700,1
9205809,1
1567944,1
9205995,1
8637783,2
9206185,1
1569158,1
9206898,1
1569631,1
9206911,1
9207081,1
867708,1
1423581,1
2481826,1
1572511,1
9207493,1
7154921,1
9208113,1
1573056,1
1573180,1
1079168,1
1574386,1
9208998,1
1576372,1
110305,1
1140180,1
8747002,2
9209656,1
9209800,1
3587258,1
2470581,1
9210145,1
8228241,1
9210313,1
9210416,1
1580062,1
1690567,1
9210896,1
9210976,1
1580308,1
9211109,1
9211337,1
9211738,2
9212000,1
9212189,1
2126882,1
1584409,1
1587127,1
1587177,1
1587186,1
3975657,1
9213545,1
9213602,1
7416649,1
7987533,1
7642779,3
3177946,1
9214349,1
9214576,1
1602602,1
9214749,1
1602884,1
1559949,2
1604360,1
9215358,1
9215704,1
1604704,1
9215960,2
9216018,1
9216334,1
1607371,2
1609100,2
1609144,1
9217151,1
9217344,1
3424632,1
5746409,3
1610697,1
9218220,1
7089367,1
9218335,1
9218389,1
1612517,1
1613313,2
9218993,1
1613250,1
9219108,1
1614040,1
3148151,1
1614533,2
1614594,1
9219550,1
9219620,1
1614808,1
9219647,1
6742771,2
1616374,1
178725,1
9220015,1
9220041,1
9220272,1
9220516,1
1616918,1
9221318,1
9221321,1
9221332,1
1618667,1
3666637,1
7706050,1
1618953,1
8549858,2
1619202,2
1619402,1
9221913,1
1326025,1
9222113,1
1620259,1
1620200,1
1619911,1
1622762,2
9222175,1
1623331,1
2917363,1
9222380,1
9222420,1
1624435,1
742292,1
710771,1
1624606,1
1625002,1
482826,1
9222547,1
9222568,1
9222595,1
1626040,1
9222841,1
1629807,1
1629874,1
9223030,1
9223048,1
5012400,1
1629969,1
1629897,1
9223486,1
1630383,1
9223990,1
9223995,1
9224078,1
1630682,1
2720928,1
1631940,1
4268549,1
9225053,1
1638774,1
1639512,1
3572722,1
9225634,1
9225952,1
1639860,1
1640093,1
1639893,1
1640267,1
1277074,1
9227023,1
1640822,3
9227437,2
9227610,1
8638533,1
1641807,1
9228433,1
1642148,1
9228804,1
1642890,1
1643002,1
382334,1
9229403,1
9229619,1
1679242,1
1645940,1
1645944,1
1646648,1
1646724,1
9230179,1
302210,1
1655376,1
1655879,1
5353341,1
1657550,1
9230915,1
9231425,1
9231518,1
9231902,1
1659552,1
2972565,1
4394165,1
1659876,1
1660529,1
1660570,1
1660586,1
9233195,1
9233372,1
9233378,1
9233446,1
1663281,1
1663329,1
9233987,1
9234440,1
1664327,1
9234690,1
9234839,1
9235137,1
9235174,1
9235607,1
9235670,1
5587841,1
9235850,3
9236178,1
9236470,1
9236476,1
1665665,1
1666694,1
9236965,1
9236966,1
1667338,1
4560341,1
1667659,1
9237601,2
5981722,1
2415225,1
1669230,1
1599274,1
9238885,1
4362265,1
4288971,1
9239772,1
1370709,1
1671666,1
1672361,1
2682393,1
1673795,1
9241453,1
593183,1
9241552,1
9241584,1
9242651,1
9242747,1
9243000,1
1676818,1
574608,2
1679925,1
9243220,1
9243546,1
5398792,1
9244298,1
9244302,1
9244310,1
9244767,1
5104384,1
1682251,2
9245260,1
7242035,1
1682443,1
1682675,1
9245558,1
9245727,1
9245885,2
9246191,1
9246330,1
9246367,1
9246484,1
7152449,1
1700640,1
9246884,1
9247027,1
9247410,1
9247413,2
9247783,1
7600594,1
9247875,1
1702948,1
9248383,1
9248556,1
9249085,1
9249129,3
9249675,1
4120167,1
7304555,1
9250137,1
9250450,1
9250499,1
9250851,1
9250974,1
9251500,1
9251541,1
9251610,1
9251790,1
9252037,1
9252192,1
3105231,2
9252261,1
1710962,1
9252371,1
9252374,1
9252417,1
1711067,1
1710977,1
9252565,1
1601131,2
9252605,1
9252734,1
9252772,1
9253230,1
1711861,1
9253417,1
9253481,1
5748908,1
4251197,1
9253611,1
9253636,1
9253878,1
1712604,1
9254194,1
1712840,1
1713152,1
711087,1
9254709,2
9255054,1
9255591,1
5919817,1
9255899,1
6123717,1
9256116,1
5546555,1
1333534,2
9256345,1
9256364,1
9256465,2
9256642,1
9256692,2
4425141,3
9257135,1
9257232,1
9257717,1
9257725,1
9257744,1
9257750,1
1732554,1
434131,1
9258257,1
9258490,1
1736510,1
9258793,1
1736639,1
9258857,1
6961488,1
9259239,1
9259922,1
3937713,1
1740503,1
9260868,1
3191888,1
9260911,1
7164626,1
1741525,1
1419386,1
9261685,1
9261855,1
1742277,1
5079203,1
6509723,4
9262414,1
9262432,1
1743252,1
1743771,3
1743903,1
1743928,1
9262747,1
5759689,1
9262861,1
9262938,1
1746545,1
9263359,1
1748335,1
873941,1
9263902,1
9263973,1
9264066,1
3867660,1
1749440,1
4843464,1
1749968,1
9264791,1
1751051,1
9265296,1
9265333,1
401671,1
1756955,1
1757262,1
1756073,1
9265694,1
1756740,1
1757534,1
9266008,1
1757949,1
4639027,1
9266195,1
1761869,1
9266322,1
3630661,1
9266466,1
9267059,1
9267086,1
3996135,2
3649255,1
9267462,1
9267634,1
3623249,1
9268189,1
9268585,1
1762732,1
1763900,1
1764071,1
1765545,1
9269485,1
9269829,1
9269994,1
9270155,1
1767877,1
1113734,1
789095,1
1377744,1
9270427,1
1769610,1
1769773,1
1769783,1
9271408,1
9271634,1
9271718,1
9271791,1
9272558,1
1772361,1
9272630,1
1772478,1
996702,3
1774408,1
9273789,1
523596,1
9274821,2
1717630,1
9274916,1
9274942,1
1778046,1
1779135,1
1782170,1
1782767,1
9276792,1
4434530,1
9276842,1
1783585,1
9276938,1
9277074,1
9277136,1
1784946,1
9277931,1
9278049,1
9278050,1
9278485,1
9278624,1
2364930,1
1785863,1
1786542,1
1788093,1
1464770,1
1791278,1
1790115,1
1790953,1
1790752,1
1790178,1
1790343,1
1791061,1
1791206,1
1791081,1
1791321,1
1792620,1
1793303,1
1793365,1
1793129,1
1793012,1
1793637,2
1793806,1
9280057,1
1795130,1
1795099,1
1794939,1
1467829,1
1795250,1
814036,1
1796181,1
9280122,1
1466388,1
1798426,1
1798530,2
1798752,1
1798993,1
1224749,1
1799436,1
1799362,1
1799799,1
1799866,1
1799815,1
1800555,1
1800089,1
1800244,1
1800691,1
1802984,1
1787923,1
1801707,1
1801916,2
1802420,1
1803141,1
1803182,1
1803282,2
1803214,1
1803662,1
1803982,1
4715013,1
9280878,1
9281068,2
1804445,1
8723567,3
1739699,1
1805020,1
9281800,1
9281965,1
9282805,1
5024307,1
988302,1
6595259,1
1805871,1
9283545,1
9283596,1
1806124,1
1806315,1
9283941,1
7334818,1
9284038,2
9284337,1
1807677,1
9285143,1
9285444,1
6154805,1
4107319,1
1809489,1
1809535,1
9286003,1
7150413,1
9286181,1
9286463,1
9286561,1
1811708,2
2852155,1
6592525,1
9286785,1
9286825,1
6720134,2
9286967,1
1813362,1
9287543,1
1813960,1
1814393,1
1814434,1
9288191,1
9288241,1
1815470,1
1815756,1
1815813,1
5652633,1
9288771,1
9288824,1
3365037,1
9288993,1
2380150,1
1548643,1
1818930,1
9289665,1
9289842,1
1820301,1
9289974,1
2421724,1
1821386,1
9290521,2
1286240,1
306059,1
1484487,1
9291513,1
1822587,1
9292002,1
9292042,1
9292049,1
1822990,1
5378374,1
5492210,1
5492503,1
5492947,1
5492943,1
3772834,2
5493205,1
5493663,1
5494508,1
5494686,1
5494675,1
5497718,1
5500293,1
10394637,1
5501150,1
5502149,1
5502472,1
5502517,1
5502616,1
10395271,1
4445073,1
10395758,1
10396033,1
5514343,1
5514015,1
10396192,1
10396234,1
10396325,1
5118274,1
10396587,1
10396632,1
10397146,1
357363,1
10397247,1
2678983,1
10397453,1
10397461,1
5514908,1
6006668,1
8081968,1
4945984,6
6865517,1
5515373,1
5515686,1
5516093,1
2167523,1
5518259,1
7474114,1
2622850,1
1373794,1
10398472,1
10398993,2
10399111,1
10399181,1
10399272,1
10399344,1
10399356,1
4766146,2
2076598,2
3980538,1
10399767,1
5502523,1
10395808,1
10396439,1
10396584,1
10396712,1
10397276,1
5515550,2
5516439,4
5516430,1
5516578,1
5517067,1
10398140,1
5518228,1
10398746,1
10398789,1
10398932,1
10399308,1
5519178,1
10399788,1
10400428,1
5520409,1
5520661,2
5520970,1
10400996,1
2672033,1
5521026,3
689192,1
10401318,1
6706222,2
5521228,1
5521397,1
5354743,1
5521617,1
5521668,1
5521976,1
5522086,1
5522447,1
7598386,1
10402760,1
10402762,1
5522928,1
10402862,1
5523030,1
10402935,1
5523223,1
10403183,1
10403695,1
6764857,1
5524227,2
1649408,1
10404180,1
10404290,1
5524380,1
10404719,1
10404736,1
3551105,1
10404873,1
10405104,1
10405378,1
10405484,1
10405486,1
10405638,1
10405984,1
10406049,1
10406136,1
10406467,1
10406491,1
3602689,1
10406549,1
10406731,1
10406777,1
10406845,1
10406855,2
10406924,1
10407164,1
10407210,1
10407211,1
10407326,1
10407383,1
5205299,1
10407525,1
10407647,1
8373525,1
10407816,2
10407837,1
10407858,1
10407934,1
6906528,1
3505717,1
10408544,1
7726007,1
10408746,1
10408878,1
7158395,1
10409104,1
5534405,1
10409327,1
10409469,1
5535269,1
10409759,1
10409904,1
10409932,1
10409974,1
7106176,1
10410021,1
5535505,1
10410181,1
10410223,1
3374597,1
5088193,1
5536537,1
10411105,1
3360759,1
10411171,1
5537113,1
5537135,1
10411297,1
10411309,1
10411473,1
3439219,1
2533598,1
527845,1
5538115,1
8406506,2
5542115,2
10412612,1
894191,1
10412647,1
10413140,1
10413547,1
10413652,1
5550354,1
10413808,1
5551121,1
10413983,1
5551133,1
183196,1
5551287,1
10414110,1
5553102,1
10414938,1
10414996,1
6482166,1
10415556,1
5223828,1
5554445,1
10415844,1
10416265,1
5555483,1
10416632,1
10416675,1
10416696,1
5555550,2
10416765,1
10417281,1
5556240,1
10417304,1
5560924,1
852569,1
10417675,1
5561115,1
10417751,1
10417867,1
10417962,1
1367940,1
10418447,1
5561677,1
10419185,2
5562381,1
6448578,1
5562431,1
4405347,1
10419643,1
10419748,1
10419889,1
5599519,2
10420043,1
5563055,1
10420481,2
10420494,1
10420957,1
10420979,1
10421061,1
10421120,1
10421145,1
10421153,1
10421396,1
10421408,1
5564112,1
10421617,1
5564368,1
10421719,1
10421899,1
10421954,1
10422000,1
4394183,1
10422261,1
2765955,1
5564780,1
5565369,1
10422478,1
10422801,1
10423031,1
10423197,1
10423365,2
10423712,1
10423734,1
10423779,1
5566580,1
10423946,1
10424120,1
10424490,1
10424661,1
10424760,1
7039786,1
10424871,1
10424966,1
10425369,1
6017325,1
10425692,1
10425752,1
10425764,1
10425782,1
10426134,1
10426629,1
10426799,1
10426821,1
10426919,1
5570615,1
5570803,1
5570924,1
8020776,1
4516571,1
10427756,1
10427759,1
10427766,1
5571868,1
10427877,1
10428045,1
10428287,1
10428312,1
5572100,1
5572165,1
10428503,1
10428889,1
2123590,2
10429334,1
10429349,1
10429493,1
10429833,1
10430021,1
10430367,1
10430523,1
1057815,1
10430959,1
6063580,1
5579199,1
3448805,1
10431420,1
10431627,1
10431687,1
3940897,1
10431881,1
10431993,1
3067324,2
3179715,1
10432553,2
10432579,1
6040453,1
10432719,1
73545,1
10433058,1
5581343,1
10433140,1
10433423,1
7626023,1
10433609,1
5582035,2
10433700,1
5582002,1
10433755,1
10433958,1
5582422,1
5582434,1
869663,2
10435143,1
1637049,1
183760,1
5584649,1
2643486,1
10435612,1
5585181,1
343789,1
5585238,2
10435770,1
10435874,1
5585475,1
1893218,1
10436081,1
5586415,1
10436263,1
6850885,2
2758018,1
5586841,1
10436827,1
10436940,1
5587308,1
10437492,1
10437603,1
10437638,1
10437672,1
10437728,1
10438085,1
5587732,1
5587828,1
10438246,1
10438293,1
10438487,1
10438506,1
1602217,1
10438987,1
10439170,1
10439208,1
10439241,1
7352443,1
10439455,1
10439660,1
10439747,1
5589012,1
10439812,1
10439981,1
3217574,1
10440550,1
784947,1
4586215,1
10440638,1
1730242,1
10441053,1
5590256,1
3105415,2
10441252,1
10441308,1
1198179,1
5875772,1
5590991,1
5590853,1
10441498,1
5591128,1
5591245,1
5591283,1
10441781,1
10441933,1
10442028,1
10442179,1
10442456,1
5592208,1
10442817,1
10442850,1
5959272,2
10443104,1
5593686,1
2622219,1
10443213,1
10443283,1
4274549,1
10443853,1
10443912,1
10444045,1
10444242,1
10444327,1
10444355,1
5594777,1
10445327,1
10445337,1
10445354,1
10445564,1
6904047,1
10446006,1
5595321,2
5553863,1
5197646,2
10446642,1
10446648,1
10446839,1
5596460,1
10447156,1
5596557,1
5596697,1
10447311,1
10447352,1
10447520,1
10447570,1
3279179,1
10447926,1
3371730,1
10448010,1
5597404,1
4639024,1
10448423,1
10448613,1
10448768,1
10448882,1
10449036,1
5598237,1
5598483,1
5598559,1
10449759,1
5598634,1
10449790,1
10449898,1
10449946,1
10450006,1
10450079,1
10450237,1
10450341,1
2008582,1
10450669,1
10450813,1
10451115,1
2930668,1
5600564,1
2947382,1
5600578,1
10451542,1
10451567,1
5600772,1
10452007,1
10452259,1
10452458,1
3038962,1
5601527,1
10452684,1
5601960,1
3536847,1
10452757,1
10452916,1
10452992,1
10453053,1
656979,2
10453368,1
3637314,1
10453710,1
5602960,1
10454019,1
10454151,1
10454153,1
5603163,1
1785420,1
5603326,1
10454463,1
10454571,1
5603567,1
2985807,1
3535965,1
5750527,2
2029872,1
10455027,1
10455143,1
3960985,1
2942449,1
10455681,1
5604893,1
179626,2
5605631,1
5458976,1
10456601,1
10456909,1
10456967,1
5027103,2
10457029,1
10457194,1
10457354,1
3966762,1
1907497,1
10457548,1
5612969,1
5614522,1
3568108,1
5615282,1
5615658,1
5616115,1
5617264,1
5617335,1
10457810,1
10457840,1
10457927,1
10458341,1
10458791,1
5618991,1
10459243,1
10459556,1
10459746,1
10459940,1
5620244,1
10460026,1
10460499,1
4285005,2
10460571,1
5620620,1
10460767,1
5620681,1
5620694,1
10460877,1
5620919,1
10461116,1
10461279,1
10461303,1
2082682,1
10461493,1
5621674,1
5183087,2
5621702,1
10461657,1
5660610,2
5662368,1
2790768,1
5662609,3
2435807,1
8614320,1
10462017,1
3405107,2
6835297,2
5675644,1
5699691,1
10462351,1
10462606,1
10462710,1
10462748,1
5702614,1
5708293,1
5709016,1
2934477,1
1339411,1
10463236,1
10463245,1
5712375,1
5770198,2
10463392,1
5714328,1
5714495,1
1224653,1
5714765,1
10463647,1
5715274,1
10463937,1
3104556,1
5716177,1
10464170,1
84594,3
2163767,1
5720741,2
5721553,1
8036738,2
5724112,1
5724147,1
794478,2
10464962,1
5725956,1
4040670,1
5725098,1
5726699,1
10465185,1
10465201,1
5727387,1
10465226,1
5729223,1
5729319,1
10465501,1
2819804,1
5730575,1
10465647,1
4118633,2
553273,1
5731410,2
5731573,1
5731857,2
5733039,1
5733153,1
5733474,1
5734145,2
3617757,1
5734587,2
5735589,1
5736240,1
5736901,1
2075263,1
5737515,1
1941304,1
5738377,1
10466119,1
5739162,1
10466270,1
129203,1
10466866,1
10467026,1
10467048,1
10467056,1
10467239,1
10467266,1
10467304,1
10467638,1
5741070,1
10467742,1
10468325,2
10468749,1
10468860,1
10468873,1
5743085,1
5743464,1
10469384,1
5743694,1
10469589,1
10470007,1
10470063,1
10470104,1
5744084,1
5957682,2
10470611,1
10470767,1
5745086,2
5745239,1
10470944,1
10470963,1
10470987,1
10471228,1
5745776,1
10471309,1
10471357,1
5745938,2
5745988,1
10471730,1
10472027,2
10472064,1
10472483,1
5747832,1
4102033,1
5747948,1
10473325,1
10473467,1
5748508,1
4806788,1
5175733,1
10473860,1
5748752,1
10474335,1
6951298,1
1640896,1
10474548,1
10474625,1
10474714,1
10474880,1
2586586,1
10475019,1
10475027,1
4523037,1
10475160,1
10475213,1
5750447,1
5572911,1
10475588,1
10475596,2
5750634,1
10475758,1
5750818,1
5750845,1
5751177,2
10476078,1
10476094,1
10476281,1
10476543,1
4521950,1
10477055,1
10477076,1
10477121,1
10477229,1
10477447,1
4672997,1
10477531,1
10477730,1
10477776,1
10477845,1
10477937,1
5119058,1
7667436,2
10478606,1
10478714,1
10478983,1
10478986,2
10479023,1
4685043,1
5754131,1
5754526,2
10480165,1
10480254,1
3714826,1
10480370,1
10480399,1
10480605,1
6969138,1
10480940,1
10480980,1
10481112,1
5757724,1
7193862,1
10481372,1
10481399,1
10481437,1
10481854,1
10481882,1
5162001,1
8409717,1
10482158,1
3136514,2
5758231,2
10482541,1
3955706,1
10482834,1
5758901,1
5759464,1
10483399,1
1340785,3
4497825,2
5760224,1
10484049,1
10484078,1
5760423,1
10484186,1
3043305,1
5760712,1
4837315,1
10484994,1
10485168,1
10485334,1
10485502,1
5761471,1
7355757,1
5762253,1
5762284,1
5762289,1
5762495,1
5762996,1
8077307,1
10486582,1
5591163,1
10486664,1
10486726,1
10486752,1
10486755,1
5763983,1
10486824,1
10487184,1
5764460,1
5764611,1
5764709,1
4630919,1
937685,1
4999842,1
10487251,1
2585781,1
5765085,1
5558982,1
10487541,1
10487925,1
6732471,1
5765474,1
5765629,1
10488282,1
10488346,1
10488595,1
5766017,1
5766076,1
10489244,1
10489437,1
10489654,1
10489662,1
10489780,1
5766806,1
10489864,1
10489990,1
10490234,1
10490248,1
10490363,1
5767257,1
7795224,1
7479366,1
5768277,1
10491536,1
10491659,1
10491759,1
10491854,1
10491949,1
5768783,1
10492087,1
10492188,1
10492192,1
10492343,1
5770320,1
2886123,1
10493055,1
758914,1
10493201,1
10493286,1
5771148,1
5771155,1
10493880,1
10493952,1
10494082,1
6024518,1
2784790,1
5771900,1
7057700,1
5772076,1
7448397,1
10495089,1
10495350,1
10495407,1
10495609,1
5772800,1
5772820,1
5772887,1
10495981,1
8559368,2
5773272,1
10496316,1
10496511,1
10496558,1
5773791,1
10496823,1
10496854,1
5774373,1
10497449,1
10497574,1
6635890,3
10497661,1
10497741,1
5774620,1
10497897,1
10498000,1
10498084,1
1335293,1
10498149,1
2360959,1
10498663,1
10498767,1
5775529,1
7509352,1
5775753,2
10499192,1
3147056,2
5776133,1
5776141,1
10499496,1
5025086,1
5776491,1
10500188,1
10500266,1
3566022,1
3515569,1
5777971,1
5777878,1
5777383,1
4110706,1
10500735,1
8758170,1
5778900,1
5778951,1
10501435,1
10501474,1
10501692,1
10501872,1
10502192,2
10502334,1
10502625,1
10502721,1
5779959,1
751307,1
10503079,2
10503093,1
8026160,1
10503545,1
5781021,1
10503705,2
5781336,1
10503878,1
10503960,1
5783075,2
10504045,1
10504106,1
10504171,1
5783159,1
5783219,1
5783239,1
10504756,1
10505063,1
10505115,1
10505554,1
7343310,1
10505784,1
7265264,1
5789715,1
10506020,1
4560906,1
5789971,1
5790987,1
10506637,2
10506740,1
10506804,1
10506857,1
10507034,1
10507154,1
5791476,1
10507407,1
10507648,1
5792490,1
355199,1
5792686,1
5792736,1
10508083,1
10508166,1
10508272,1
10508415,1
10508435,1
10508569,2
10508679,1
10508820,1
5793934,1
5793982,1
10509020,1
1574632,1
10509251,2
10509264,1
5730692,1
5801659,1
5802108,1
7135305,2
5800560,1
5800767,1
10509789,1
10509879,1
5803531,1
4990882,1
5804295,1
5803959,1
3047621,3
10510499,1
3053671,1
5806708,3
5807067,2
5807912,1
10510899,1
10510998,1
717347,3
10511083,1
5808618,1
5809204,1
585056,2
10511626,1
10511676,1
5809994,1
1397975,1
10512037,1
5810142,1
1742518,1
10512245,1
10512404,1
10512598,1
1309160,1
3145394,2
10512931,1
3314295,1
10512998,1
3151111,1
10513206,1
5301869,1
10513249,1
10513307,1
5165490,1
10513362,1
10513591,1
10513605,1
1092430,1
10513907,1
5811752,1
10514235,1
10514238,1
10514310,1
5811867,1
5812075,1
5812260,1
10514895,1
5812390,1
10515009,1
10515287,1
5812587,1
5812629,1
10515615,1
5812909,1
10515716,1
10515840,1
5813009,1
10516078,1
756588,1
10516189,1
10516263,1
10516389,1
10516463,1
10516574,1
10516637,1
10517033,1
10517213,1
10517347,1
10517381,1
10517658,1
4643531,1
10517778,1
10517808,1
512325,1
201570,1
4262891,1
5815630,1
10518457,1
3660730,1
10518847,1
10518949,1
5816617,1
10519247,1
8071589,1
1057782,1
5818891,1
10519858,1
10519914,1
10520016,1
5819401,1
904680,2
5820241,1
10521309,1
7515408,1
5822692,1
10521867,1
5822995,1
10521930,1
10521948,1
10522007,2
10522251,1
10522313,1
2580396,1
825475,1
10522643,1
5823929,1
10522679,1
4708226,1
10523161,1
10523201,1
2944435,1
5826184,1
10523658,1
10523696,1
10523703,1
10523709,1
5826709,1
10523973,1
5826774,1
10524154,1
5826894,1
10524288,1
10524378,1
10524454,1
10524665,1
5827662,1
10524848,1
2975876,1
10525062,1
4707356,1
5828336,1
10525627,1
5828666,1
5828765,1
10525944,1
10526004,1
10526156,1
10526307,1
5828974,1
10527159,1
5829901,2
10527382,1
10527448,1
10527621,2
10527672,1
5830527,1
10528108,1
10528186,1
10528255,1
10528260,1
10528539,1
5831098,1
10528668,1
10528709,1
10528755,1
10529069,1
10529072,1
3448808,1
6839324,1
1770784,1
10529250,1
5831956,1
5832142,1
10529821,1
10529827,1
10529924,1
3397500,1
3201770,1
5832648,1
5832633,1
5832749,1
5832849,1
5832845,1
5432577,1
986536,1
10529973,1
10530196,1
4857125,1
5880650,1
5879710,2
5882916,1
5883277,1
5884553,1
5885570,1
10530624,1
4014859,1
2870655,1
5889024,1
5889244,1
5889255,1
10531180,1
5863634,1
3536352,1
5890790,2
5891012,2
10531462,1
5891884,3
5892789,1
10531518,1
5894310,1
5894894,2
10531587,1
2492910,2
10531699,1
5895288,1
5895319,1
8427724,1
5895399,1
5895565,1
10531976,1
10531996,1
10532068,1
2462547,1
5896191,1
10532227,1
4461977,1
10532372,1
5560039,1
5899029,1
10532680,1
10532823,1
5901779,1
5906873,2
10533090,1
10533116,1
10533125,1
10533323,1
10533635,1
10533676,1
10533702,1
10533792,1
5907144,2
10533882,1
5424268,1
5911133,1
5911318,1
10534137,1
8041309,1
5912460,1
10534589,1
10534598,1
4074492,1
1092080,1
10535270,1
2448975,1
10536002,1
10536201,1
10536210,1
10536239,1
8404726,1
10536335,1
5944290,1
1349663,2
1799941,1
10536698,1
10536741,2
10536935,1
10536976,1
3597943,1
10537417,1
10537598,1
10537617,1
10537804,1
1373127,1
10537856,1
1693494,2
2405830,1
10538210,1
8720202,2
5946033,1
10539542,1
10539610,1
5946945,1
10539703,1
10539716,1
10539789,1
10539850,1
10539860,1
10539864,1
3305743,2
2602460,1
10540020,1
10540271,1
10540284,1
10540303,1
10540446,1
5947965,1
5948180,1
6069832,1
4527795,1
10541095,1
8663344,1
8663338,1
7987808,1
10541884,1
5949107,1
10542257,1
1724748,1
5950192,1
5950187,1
5950207,1
5950338,1
5950386,1
5951128,1
1367442,1
10542610,1
10542617,1
1979439,2
5951592,1
5952463,1
5952542,1
10543256,1
2906966,1
10543537,1
10543622,1
10543837,1
10543873,1
10543965,1
3464353,1
10544076,2
10544133,1
10544156,1
5953348,1
4427412,1
6174197,1
5993011,1
10544610,1
10545399,1
5956061,1
5956227,1
10545603,1
10545807,1
10546053,1
5651904,1
10546231,1
7235804,1
10546311,1
1836112,1
10546819,1
10546942,1
4677171,1
734633,1
3722184,1
435170,1
5136980,1
10547441,1
10547571,1
10547616,1
10547624,1
10547762,1
10547773,1
10547811,1
141182,2
5958988,1
5959445,1
10548682,1
10548726,1
10548923,1
5962863,1
2612318,3
10549228,1
10549234,1
10549414,1
10549416,1
10549431,1
5991359,1
913609,1
5963739,2
5964310,1
5964312,1
5964679,1
10549782,1
10549810,1
10550151,1
10550263,1
10550264,1
10550320,1
10550421,1
10550665,1
5965782,1
10550819,1
5965858,1
5965909,1
10550939,1
10551199,1
4651947,2
10551408,1
5966507,1
10551545,1
5966635,1
10552283,1
10552471,1
10552650,1
5363856,1
10552735,2
10552774,2
10552949,1
4134653,1
3677397,1
10553152,1
10553663,1
10553910,1
5969160,1
5969227,1
5508363,1
10554392,1
5969760,3
10554730,1
10554952,1
5970148,1
5970172,1
10555231,1
10555772,1
10555886,1
5970774,1
2735398,1
309267,1
820049,1
2735961,1
2735860,1
2735825,1
2735804,1
10556304,1
10556329,1
10556335,1
10556368,1
10556479,1
10556498,1
10556638,1
10556732,1
10556777,1
5971207,1
10556933,1
10556944,1
10556981,1
10557084,1
10557319,1
10557620,1
10557758,1
6726672,2
5972344,1
5972629,1
10557812,1
10558366,1
10558430,1
1820068,1
774219,1
10558592,1
10558619,1
10558621,1
10558771,1
10558962,1
4752866,1
10559074,1
3284783,1
10559247,1
10559337,1
10559622,1
10559671,1
10559702,1
5973918,1
5973925,1
1382898,2
10559887,1
10559897,1
10560026,1
7709063,1
10560173,1
5974006,1
10560751,1
10561321,1
5974677,1
3413730,1
10561778,1
10562005,1
10562024,1
5975295,1
10562487,1
10562567,1
4532787,1
5980188,1
10562899,1
10562962,1
10563003,1
1031168,1
10563076,1
10563261,1
10563444,1
10563458,1
5980492,1
10563888,1
5000316,1
10564081,1
10564308,1
939802,2
10564725,1
10564754,1
10564783,1
5981390,1
4601539,1
10565382,1
4829598,1
10565587,1
1388760,1
5981984,1
10566175,1
10566177,1
10566218,1
10566221,1
10566276,1
10566305,1
10566470,1
10566577,1
10566621,1
7629989,1
10566878,1
5983422,1
3901192,1
10567544,1
8480116,1
10567807,1
10567833,1
10567858,1
10567961,1
5984324,1
10568484,1
10568620,1
10568660,1
10568912,1
10569120,1
5340023,1
10569249,1
10569316,1
10569360,1
5985081,1
5985121,1
10569762,1
10569940,1
5985517,1
4270526,2
10570147,1
5985861,1
10570371,1
10570674,1
10570778,1
10570806,1
10570930,1
10571069,1
3474442,1
10571147,1
10571359,1
10571470,1
10571526,1
5988274,1
5993830,1
5993985,1
8345041,1
5221300,1
6503262,1
6503255,1
5248380,1
6503677,1
6503703,1
5148296,1
10572006,1
6503989,1
6503994,1
6504242,1
5147782,1
6505280,1
6505296,1
891868,1
6505524,1
6505601,1
6505832,1
6506967,1
6506996,1
6507399,1
6508303,1
10572668,1
6509330,1
6509551,1
6509581,2
6510102,1
6510308,1
6511571,1
6511734,1
6512852,1
6251838,1
4853700,1
6517097,1
366155,1
6516234,1
6515976,1
6516432,1
6516652,1
6516680,1
6517902,1
6518439,1
6518345,1
6518496,1
6518980,1
6519032,1
6519129,1
4177718,2
6519395,1
4784348,1
6519590,1
6519722,1
6519691,1
6519771,1
6519999,1
6522105,1
6520252,1
6520616,1
10573167,1
10573279,1
10573337,1
10573455,1
6522856,1
6523646,1
10573573,1
7075200,1
6524744,1
6525436,1
6525839,2
6525947,1
10573852,2
6526549,3
6527155,3
6527193,1
6527553,1
6527724,2
6528527,1
5049670,1
6529497,1
10574141,1
10574341,1
6530056,1
1995875,1
6529650,1
10574615,1
7792557,1
10574741,1
10574807,1
10574846,1
10575051,1
10575170,1
10575300,1
3665054,1
10575489,1
10575891,1
10576000,1
6531670,1
10576112,1
6532049,1
3813401,1
10576348,1
10576372,1
10576428,1
10576476,1
10576545,1
10576750,1
10576947,1
10576960,1
10576983,1
2414428,1
6533788,1
10577342,1
6535596,1
10577575,1
6537821,1
6538931,1
7087107,2
6540532,1
10578545,1
5116692,1
10578577,1
10578698,1
10578715,1
6541213,1
10579133,1
10579143,1
10579173,1
10579253,2
6542474,1
3062671,1
5649842,1
6550117,1
6549624,1
5792418,2
6552120,1
6552527,1
5613939,1
6553108,1
6555248,1
10579713,1
6551710,1
10579826,1
10579869,1
10579983,1
10580051,1
10580093,1
10580347,1
3958796,1
10580587,1
10580823,1
10581304,1
10581379,1
10581435,2
10581548,1
8718475,1
10581772,1
10581773,1
10581914,1
5469922,1
313882,1
6555349,1
10582486,1
4405048,1
1684539,2
2598582,1
10583299,1
771939,1
6555991,1
10583593,1
10584062,1
10584109,1
10584156,1
1878469,1
7554742,1
10584670,1
10584681,1
10584753,1
1425810,1
6556737,1
6557571,1
6557793,1
5287829,1
6562441,3
4012935,3
6563099,1
4339026,2
6565955,1
4455556,1
10585821,1
4081691,1
2913540,1
10586492,1
10586582,1
10586620,1
6566855,1
6566958,1
6567170,1
6567381,1
6567821,1
6567983,2
6568453,1
6568773,1
6568878,1
6569221,1
4238996,2
4175704,1
6569918,1
6569942,1
6570002,1
6570077,1
6570277,2
6570592,2
6570755,1
6570891,1
3040701,1
10586782,1
3153704,1
6571667,1
3265374,2
6573120,1
3500521,1
6573785,1
1779782,1
6574571,1
6574934,1
6575138,1
6575978,1
1120014,1
6576351,1
5232323,1
5979167,1
7878650,1
10587710,1
1310269,1
854664,1
6577276,1
1080179,1
6578167,1
3315060,2
6578296,1
10588294,1
6578640,2
5051943,1
6579401,2
10589276,1
10589686,1
10589875,1
10589905,1
10590071,1
317915,2
6580624,1
10590303,1
10590310,1
4343331,1
4406065,1
6580768,1
5662936,1
6581108,1
5671229,1
5663756,1
4642721,1
6581346,2
1379444,1
4596195,1
5094316,1
5094347,1
4593089,1
4603388,1
4777283,4
2380953,3
6583045,1
6583133,1
6583258,1
6583404,1
6583563,1
892099,1
3679319,1
3794175,1
3803307,1
997347,2
6584829,1
6586085,1
10591556,1
10591846,1
6006305,1
10591926,1
10592116,1
6586975,1
10592209,1
460961,1
7154278,1
2529391,2
10592257,1
6587967,1
7154070,1
4348524,1
7155197,1
6588065,1
6588121,1
3396692,1
6588870,1
4877987,1
6589772,1
6589863,1
6590050,1
10592658,1
6590043,1
10592723,1
6596377,1
6595365,2
4287048,1
6594207,2
2441277,1
4295866,1
2929026,1
10593799,1
10593847,1
255312,1
5875364,2
10594174,1
1730921,1
10594410,1
10594538,1
10594547,1
10594555,1
10594589,1
10594830,1
10594967,1
10595222,1
10595557,1
6597197,1
6598779,1
10595632,1
10595654,1
6598927,1
6599305,2
10595824,1
6599349,1
7086282,1
10596069,1
10596096,1
6600226,1
10596149,1
6600705,1
6601194,1
3317154,1
6601345,1
6601705,1
4142720,3
10596486,1
10596490,1
4753419,1
10596713,1
10596727,1
10596743,1
6602071,1
10596924,1
10597172,1
10597349,1
10597477,1
10597526,1
10597633,1
10597687,1
6603075,1
10598065,2
10598561,1
1164170,1
2294913,1
2036631,1
10598821,1
10599027,1
6603751,1
5844457,1
6604133,2
6604243,1
6604223,1
5575801,1
6605463,1
6605991,1
3991227,1
10599406,1
6561472,1
6608323,1
6608534,1
5807957,1
10599704,1
10599827,1
5841575,1
10600017,1
4986499,1
5036986,1
1647584,1
6613091,1
10600921,1
6613638,1
6615457,1
6616242,1
6616316,1
6616306,1
6616952,1
6617105,1
5858842,1
10601517,1
6618543,1
10601720,1
7246326,1
10601990,1
7505544,1
3123195,1
10602159,1
6618632,1
10602423,1
8729111,2
10602598,1
10602613,1
10602703,1
10602721,1
10602808,1
10603106,1
2861983,2
6618773,1
10603520,1
6620044,1
10603691,1
6704600,5
6621086,1
6621321,1
10604140,1
4904790,1
6621955,1
6622028,1
3308912,1
6622666,1
6622906,1
10604290,1
10604405,1
6625625,2
10604453,1
10604585,1
10604765,1
6626057,1
6626775,1
6627185,1
10605005,1
6633019,1
10605339,1
6634328,1
5806043,1
6634410,1
6634817,2
6635447,1
6636302,1
6636469,1
10605965,1
6638146,1
10606199,1
6643763,1
3988482,2
3665392,1
4691176,1
6645990,1
5670843,1
10606864,1
10607095,1
6687924,1
6687940,1
10607232,1
6688042,1
1327631,1
5509341,1
6688333,1
6688466,1
6688597,1
6689570,1
6689381,1
6689977,2
10607803,1
4799260,1
8201894,1
10608360,1
10608534,1
6691552,1
10608613,1
10608646,1
10608693,1
3621110,1
10608772,1
10608841,1
10608887,1
10608961,1
6692607,1
2857449,1
6692932,1
6693071,3
2997893,2
10609077,1
4112188,1
5901070,1
6694380,1
10609473,3
6694590,2
7188298,1
6694906,1
6695470,1
6696156,2
10609900,1
10609968,1
4107800,1
6544910,1
10610246,1
10610649,1
10610762,1
5246713,1
6697114,1
6697297,1
6697729,1
6697919,1
6698160,1
6698955,1
6699159,1
6699653,1
6699966,1
6700483,2
5511665,1
10611126,1
4082313,1
6700827,1
6700851,1
10611181,1
10611247,1
6704332,1
6704474,2
6935607,1
10611598,1
6704901,1
10611914,1
10612221,1
6704967,1
249882,1
6705303,1
5886565,1
10612447,1
351958,1
2003771,1
6706166,3
10612484,1
3871990,1
4827031,2
10613262,1
10613665,1
10613695,1
10613770,1
10613819,1
10614129,1
2735512,2
10614447,1
2184575,1
313868,1
6708923,1
4285541,1
6709255,1
10614995,1
10615233,1
10615337,1
10615441,1
3058461,1
10615701,1
10615741,1
6711049,1
6711166,1
6710843,1
4825505,1
6711907,1
6712016,1
4220062,3
10616079,1
6252306,1
10616382,3
10616706,1
8372454,1
10617037,1
10617079,1
10617166,1
10617228,1
10617443,1
6713903,1
4124795,1
6714923,1
3578484,1
6715048,1
10617905,1
787635,2
7824026,1
10618239,1
10618265,1
10618296,1
8462684,1
4627368,3
10618404,1
10618480,1
10618551,1
10618736,1
10618921,1
10619240,1
10619280,1
10619282,1
10619457,1
4034403,1
8060353,1
10619672,1
10619689,1
5220298,1
6717248,1
6717242,1
10619763,1
10619860,1
6718036,1
6718090,1
6717985,1
4346028,1
10620178,1
10620197,1
6718214,1
6990820,1
7247842,1
10621105,1
10621120,1
6718374,1
10621156,1
10621188,1
6718760,1
3235541,1
6719078,1
10621330,1
6720348,1
6721040,1
6720573,1
6721612,1
3979647,1
6721620,1
10621520,1
10621964,1
10621986,1
8458489,2
10622035,1
10622052,1
6723964,1
6723983,1
6724276,1
10622372,1
6724726,1
8410625,2
3024864,1
10622537,1
10622561,1
5806857,3
679223,1
10623023,1
1919551,1
5297747,2
6726215,1
10623553,1
10623554,1
10623574,1
5837390,1
10623736,1
6726909,1
6727553,1
8401560,2
4417135,3
8401937,1
11177596,1
5947103,1
11177852,1
6731203,1
11178391,1
11178706,1
8402483,1
7259971,1
8403416,2
524329,1
11178696,1
11178756,1
8402605,1
8403056,3
8403521,1
11178902,3
2956089,1
2055469,1
8404077,1
2862354,1
4287053,1
11178995,2
11179016,1
11179149,1
1872817,1
8406421,1
11179189,1
11179376,1
11179736,1
11179952,1
8458992,2
6880903,1
11180090,1
11180251,1
11180323,1
3182384,1
11180515,1
8407245,1
1068479,1
199279,1
4185631,1
8408606,2
8408698,1
8408769,1
8408824,1
8409328,1
8409412,1
11180762,1
11180991,1
11181066,1
5935915,1
8409548,1
11181483,1
11181598,1
11181793,1
5279854,1
11181989,1
3400009,1
8410138,1
7902056,1
11182326,1
11182396,1
1584889,1
11182430,1
8410266,1
11182496,1
7035043,1
8410282,1
348279,1
11182810,1
8410416,1
916923,1
553543,1
11183052,1
11183057,1
872259,1
11183148,1
2551590,1
11183263,1
1361784,1
1134560,1
11183366,1
771359,1
7003554,1
11183465,1
11183494,1
7165341,1
7121884,1
8410827,1
7168092,1
7170916,1
8410950,2
101572,2
8411214,1
8411286,1
5934439,1
8412032,1
6685471,2
4474878,1
4906795,1
3093180,1
11184186,1
1625289,1
8412861,1
3490413,1
5982869,1
4486659,1
8413350,1
8413567,1
8413796,1
8414099,1
8414131,1
8414515,1
8414518,1
7823527,3
7425240,2
2906831,1
8415028,1
8415048,1
6791495,1
8415251,1
11184353,1
8415250,1
8417242,1
8417391,1
8417039,2
8418531,1
8418913,1
8418792,1
8418775,1
8418619,1
8419736,1
8419756,1
8420807,1
450475,1
8421116,1
8421123,1
8421879,1
8422091,1
8422321,1
8422499,1
8424196,1
4387563,1
8424480,2
8424692,2
8425288,1
6802247,1
4036079,1
11185190,1
326939,1
8426758,1
8437279,1
11185535,1
8437371,1
7408217,1
1450716,1
11185975,1
11186051,1
11186062,1
8438896,1
8439113,1
8439506,1
8439598,1
2959832,3
2960718,3
11186650,1
8440704,1
8440851,1
11187553,1
8441276,1
8441283,1
11187616,1
8442542,1
8443501,2
11187718,1
11187927,1
8443687,1
11188067,1
8444081,1
1760211,3
8444268,1
11188540,1
6560893,1
11188860,1
2816632,1
11188957,1
11189036,1
258440,1
8444753,1
8445511,1
5992068,1
11189434,1
8445774,1
11189975,1
8445936,1
8445955,1
2150652,1
11190025,1
11190232,1
11190275,1
11190295,2
8447261,1
7270805,1
8447600,3
8447645,1
11190456,1
11190685,1
8593694,2
11191318,1
11191379,1
11191420,1
6629968,1
4506661,1
5714713,1
11192038,1
11192489,1
11192824,1
11192904,1
2599597,1
11193003,1
11193121,1
11193159,1
8450070,2
11193365,2
8450923,1
8450621,1
8450895,1
11193821,1
11193896,1
11194047,1
7303011,1
7875443,1
11194315,1
2035902,1
2012324,1
11194602,1
8450496,1
5551931,1
1309129,1
8451015,1
155280,1
11195079,1
5010169,1
8451758,1
11195342,1
8451867,1
2010974,1
11195553,1
811832,1
11195604,1
8452339,1
8452371,1
8452414,1
1990913,1
8452756,1
3443923,1
8452972,1
8452964,1
8453162,1
4089474,1
4343270,1
8454146,1
8454344,1
8454585,1
8454582,1
8454947,1
3956777,1
6730247,1
2470636,2
8455342,2
2167960,1
8457908,1
8459097,1
8459433,3
7462141,1
2684034,2
11196165,1
11196256,1
8460391,1
8354809,1
11196378,1
7590068,2
433951,1
4283805,1
11196802,1
11197202,1
11197245,1
7148117,1
8126140,1
11197468,1
2910602,1
3442229,1
8462045,1
8462109,1
4283933,1
4292077,1
8462711,1
8462787,1
8463020,1
3647513,1
11197933,1
8464044,1
6829187,1
8464129,1
7823486,1
11198265,1
11198301,1
11198343,1
11198355,1
8464543,2
8464593,1
7940795,1
8464976,1
11198795,1
8465246,1
11199072,1
11199148,1
11199312,1
11199572,1
11199709,1
8465363,3
11199883,1
11200319,1
11200372,1
11200379,1
11200475,1
1092516,2
11200624,1
11200651,1
4497485,1
8467441,1
2001553,1
3927908,1
11201039,1
8468048,1
11201385,1
8468196,1
11201542,1
11201792,2
7201128,1
11201923,1
6536881,1
8469260,1
8469340,1
8469362,2
8469587,1
11202108,1
8469923,1
8469955,1
11202364,1
8470351,1
11202577,1
11202589,1
4015280,1
11202700,1
8470457,1
8470570,1
11203165,1
11203167,1
983648,2
11203212,1
8686618,2
5034367,1
11203402,1
11203455,1
11203576,1
11203746,1
5511431,1
8472389,1
11203996,1
11204180,1
8439974,1
11204890,1
11205094,1
8535970,1
4874778,1
11205553,1
11205654,2
11206040,1
6841733,1
11206311,1
6935729,1
11206397,1
11206483,1
11206499,1
5250477,2
11206746,2
11206837,1
11206910,1
11207023,1
11207024,1
11207113,1
11207170,1
11207190,1
11207293,1
11207396,1
4447351,1
11207502,1
1583425,1
11207571,1
7093222,1
11207694,1
8540252,1
8540277,1
7553645,1
8540405,1
8540417,1
8540648,1
4021081,2
8540967,1
2176906,1
4388868,1
2900984,1
8541278,1
8541530,1
3095898,1
2612070,1
8542445,1
11208231,1
11208242,1
11208280,1
11208359,1
11208449,1
8543253,1
11208677,1
8543405,1
6175687,1
2411895,1
8455483,1
8455411,1
8544082,1
7874875,1
8544530,2
11209116,1
7674755,1
1861685,1
8545593,1
8545800,1
5601494,1
6006226,1
5533996,1
11209539,1
11209566,1
11209646,1
11209902,1
11210116,1
11210127,1
11210310,1
11210351,1
8695742,2
8547029,1
1537576,1
7105467,2
8548168,1
8548289,1
8548110,1
5509313,1
8550380,1
11210675,1
8550708,1
8550723,1
6157527,1
8552985,1
11210768,1
8551592,1
11210810,1
8551459,1
8551398,1
8552226,1
8552320,1
8553083,1
814604,1
8553747,1
8430387,1
11210957,1
8554961,1
8555208,1
8555889,1
8555965,1
4315575,1
11211210,1
11211237,1
8558511,1
1939528,1
8558948,1
8558969,1
6874427,1
8559414,1
8559462,1
8559541,1
8559736,1
8559747,1
8559840,1
5314629,1
8560398,1
8560939,1
8561353,1
8561360,1
2163086,1
453262,1
7502437,1
8562563,1
8562667,1
11212450,1
11212580,1
11212649,1
11212903,1
11212983,1
5510031,2
11213330,1
11213418,1
11213432,1
4302707,1
222831,1
11213540,1
3234365,1
11213749,1
6326881,1
11214083,1
11214237,1
7130320,1
8566070,1
11214283,1
11214400,1
2908127,1
52477,1
4982627,2
8566993,1
8566674,1
8566625,1
8566981,1
11214628,1
11214784,1
1923593,1
8567736,1
8567979,1
11214986,1
11215015,1
11215362,2
8574146,1
8574208,1
11215635,1
4701134,1
8574461,1
11215855,1
8721961,1
11215915,1
11215948,1
11216059,1
11216301,1
11216357,1
11216638,1
11216693,1
11216790,1
4701464,1
8575022,1
5186030,1
11217773,1
8576797,1
7062150,1
4605776,1
11218311,1
11218457,1
8578536,1
11218684,1
11218721,1
11218900,1
7802748,1
11219148,1
8579469,1
3393801,1
8579523,1
8370864,2
11219387,1
17961,4
7140830,2
11219900,1
2605015,1
11220365,1
11220597,1
5150104,2
8581923,1
8582272,1
8582541,1
8469347,2
11220899,1
11221193,1
8584024,1
11221425,1
8583738,1
3114840,1
3361362,1
11221942,1
11221992,1
4529609,1
2509827,2
8585676,1
11222419,1
11222463,1
11222569,1
11223027,3
11223045,1
11223272,1
11223319,1
11223426,1
7516227,1
8588350,1
8588844,1
8588982,1
8589048,1
8589062,1
8589099,1
11223808,1
8589411,1
7096231,1
8589530,1
8589630,1
8589727,1
8590037,1
11223921,1
8590595,1
4499144,3
8590971,1
8591099,1
8281290,1
8591225,1
2200954,2
11224141,1
11224191,1
11224193,1
11224422,1
11224557,1
11224792,1
11224961,1
11225355,1
11225586,1
11225656,1
11225793,1
11226368,1
11226372,1
11226529,1
11226616,1
7380691,2
11227025,1
6914656,2
7095771,1
11227291,1
7407137,1
4167148,1
1440558,1
8591409,1
8591568,1
11227681,1
11227714,1
11227726,1
11227761,1
11227769,1
11227799,1
8591774,2
11227925,1
1784815,1
11228100,1
8592951,1
1705547,1
8593036,1
971125,1
508553,1
4626617,1
5799282,1
4627077,1
5803569,1
4628066,1
4628074,1
5804753,1
5805608,1
4629085,1
8593794,1
8593889,1
11228205,1
8594177,1
8594225,1
6557669,1
8594684,1
11228631,1
11228694,1
6863990,1
8595088,1
8438688,1
8595124,2
8595445,1
8595497,1
11228942,1
11229033,1
8596309,1
6748367,1
8597300,1
8597456,1
4123135,1
11229320,2
8597679,1
1156326,1
11229444,1
11229481,2
11229541,1
5873642,1
11229720,1
8598783,2
11230113,1
11230172,1
223586,1
8601264,1
8601858,1
8602910,1
2183933,1
8603037,1
11230992,1
11231031,1
11231039,1
4677076,3
5046510,1
4031160,2
8606432,1
8606557,1
7108245,1
1252186,1
8607475,1
3346254,1
11231769,1
11231771,1
8608425,1
8608415,1
8608332,1
8608321,1
8608274,1
7178207,1
8741521,1
4376561,1
11232346,1
3342268,1
4105775,1
8609515,1
11232838,1
8610284,1
8610282,1
4136726,1
11233182,1
3023952,1
8610500,1
8610866,1
8604412,1
8610987,1
11233455,1
444920,1
5906160,1
8610991,1
8611392,1
8610182,1
8611819,1
8611843,1
8611954,1
2655220,2
8612464,1
1060180,1
8614891,1
8615065,1
8615362,1
4872252,1
11234235,1
1418865,1
11234468,1
8615719,1
11234501,1
891433,1
8615767,1
7408136,1
8615976,1
2510505,1
8617881,1
4076329,1
6526414,1
8618344,1
8618987,1
7231935,1
11235050,1
4120424,1
11235334,1
11235361,1
11235740,1
8619846,1
8620063,1
11236188,1
11236209,1
11236266,1
11236348,1
11236455,1
11236493,2
8620994,2
8621018,1
5988665,1
4031680,1
6623855,1
11237120,1
11237398,2
11237439,1
11237677,1
11237958,1
11238002,1
11238148,1
5924907,1
11238230,1
6825715,2
11238386,1
11238404,1
11238861,2
8622562,1
11239364,1
8625902,1
8625908,1
8573115,1
11240464,1
11240467,1
11240807,1
11240989,1
8626622,1
8626609,1
11241153,1
11241688,1
4577417,1
11242130,1
11242264,1
11242422,1
11242724,1
11242725,1
8627461,1
6820875,1
11243218,1
11243435,1
8628949,1
4719093,1
11243802,1
8629333,1
8626232,1
11243903,1
11243919,1
11244161,1
11244193,1
8629677,1
11244411,1
8629889,1
8629985,1
11244910,1
6900240,1
11245254,1
11245293,1
11245299,1
7127362,1
11245473,1
8630500,1
11245769,1
11245972,1
11246127,1
8228077,1
11246297,1
11246621,1
11246715,1
11246818,1
11247066,1
11247077,1
3427419,2
11247544,1
4122824,2
11248148,1
11248175,1
11248338,1
11248467,2
11248644,1
11249188,1
11249300,1
11249396,1
7101054,1
11249440,1
11249481,1
11249832,1
3196857,1
5787780,1
11250505,1
3229606,1
11250783,1
11251004,1
11251068,1
8638586,1
11251255,1
11251303,1
8638790,1
11251599,1
11251633,1
11251636,1
11251759,1
8641644,3
7224047,2
11252058,1
8643355,1
7667363,1
7219963,1
7640998,1
7996074,1
8643580,1
7984363,1
7225388,1
7226169,2
8643769,1
8643822,1
8118475,1
7998648,2
7998706,1
8644251,1
8644413,1
8644448,1
8644683,4
11252627,1
5512595,1
8645749,2
7983996,1
11253082,1
11253258,1
7876131,1
8001049,1
8646289,1
3360384,1
3138616,1
11253730,1
11253806,2
11253840,1
11253939,1
5470495,1
11254226,1
8023904,1
8649032,1
7893423,2
8650457,1
3144409,1
6913798,1
11254773,1
11254785,1
7686996,1
11254797,1
11255129,1
11255256,1
5978632,1
11255659,1
662547,1
8036147,1
11256168,1
581744,1
11256508,1
11256565,1
7916635,3
11256620,1
8010130,1
11256679,2
11256703,1
8107962,4
2692704,1
11256866,1
11256958,1
11256977,1
11257080,1
11257225,1
6547055,1
5700501,1
11257590,1
11257693,1
11257798,1
8000126,1
11257956,2
11258006,2
8570602,1
7892158,2
8663940,1
11258350,1
11258529,1
11258739,1
11258765,1
7792511,1
11258823,1
7072374,1
8665672,2
11258878,1
8000019,1
8000017,1
11258907,1
7999789,1
7988454,1
8120439,1
7666672,1
8666173,1
11259215,1
11259271,1
11259334,1
7217405,1
8672834,1
11260026,1
11260285,1
4988259,1
11260389,1
8443736,1
7286380,1
8673820,1
2306498,1
8674851,1
8675005,1
7493051,1
11261142,1
8675337,1
8675594,1
8675499,1
8675799,1
8675874,1
8675947,1
8676099,1
11261249,1
11261262,1
11261282,1
11261283,2
2446975,1
11261409,1
11261435,1
8676679,1
8676976,1
11261683,1
5490615,1
11261703,1
11261732,1
11261933,1
11262146,1
11262218,1
4796059,1
4076026,1
11262846,2
11262867,2
11263147,1
2171521,1
11263470,1
11263477,1
11263493,1
11263517,1
7463426,1
11263551,1
7559787,1
8680597,1
8679098,1
11263811,1
11263830,1
8680399,1
5640607,1
426852,1
8680680,1
11264299,1
11264466,1
8681006,1
11264525,1
8681121,1
687574,1
1924677,1
11264700,1
3200373,1
8681417,1
431579,1
8681566,1
11264836,1
8681671,1
11264922,1
11264952,1
7216113,1
7722750,1
11265066,1
8684081,1
11265334,1
8684111,1
6917071,1
11266009,1
8684954,1
8685218,1
8412416,1
8685564,1
4220100,1
8685833,1
8685942,1
3024897,1
562779,1
7280367,2
11266516,1
3192195,1
11266760,1
11266805,1
11266847,1
11266924,1
11267065,1
11267147,1
8687426,1
8689548,1
8689566,1
8689590,1
8690499,1
11267923,1
11268216,1
11268306,1
11268337,1
11268573,1
4916584,1
3298159,1
7399345,1
11268743,1
4137614,2
8691516,1
11269065,1
11269288,1
11269313,1
11269472,1
11269488,1
11269538,1
8269473,1
1626129,1
6563821,1
11269946,1
8692882,1
11270077,1
11270081,1
11270105,1
11270117,1
11270143,1
11270148,1
11270202,1
11270461,1
11270870,1
8693794,1
11271005,1
11271103,1
11271433,1
2657678,1
11271711,1
11271751,1
8694390,1
11272040,1
11272085,1
8694704,1
8694773,1
11272529,1
11272567,1
8695818,1
11272726,1
11272792,1
11272827,1
4547316,1
11272961,1
11273003,1
11273109,1
11273112,1
11273120,1
8696002,1
7105231,1
3096041,2
8696499,1
8696442,1
8696880,1
8700794,1
3630554,1
4395644,1
2311153,1
11273957,1
11274044,1
11274091,1
11274126,1
11274168,1
587412,1
8701858,1
11274659,1
3856616,1
8702751,1
11274668,1
7279660,1
8703489,1
11274870,1
11274925,1
11275021,1
2162193,1
5166256,1
11275753,1
11275802,1
3376336,1
8704462,1
8704591,1
8705028,1
8705153,1
6937506,1
1522988,1
8705550,1
8705572,1
1808056,1
5947204,1
8706128,1
11276239,1
5892696,1
8706215,1
8727022,2
11276607,1
11276628,1
11276669,1
11276671,1
11276777,1
11276860,1
8708694,1
8709312,1
2140998,1
11277435,1
4120432,1
11277538,1
8709162,1
11277665,1
11277765,1
11277805,1
4165864,1
11278963,1
8709906,1
11278998,1
11279063,1
11279349,1
11279433,1
579607,1
11279691,1
1619106,1
6656206,1
11280216,1
11280398,1
11280473,1
11280853,1
11281064,1
7098827,1
11281147,2
8710936,1
11281192,1
4247213,1
8711268,1
7095309,1
920250,1
11281446,1
11281527,1
11281610,1
8711543,1
11281878,1
11281895,1
8703762,1
11282013,1
11282065,1
11282098,1
8713329,1
8713576,1
8713699,1
8714617,1
11282828,1
8714849,1
8714950,1
3397976,1
8715322,1
8715407,1
8715454,1
11282974,1
8715760,1
8715941,1
8715993,1
4932511,1
4499148,1
8716946,1
4846779,1
8463360,1
4436568,1
7613005,1
8717819,1
8717900,1
11283569,1
11283598,1
11283718,1
7945069,1
1261441,1
1246439,1
11283992,1
11283993,1
11284027,1
8431589,1
11284175,1
11284182,1
8718499,1
7618147,1
8720061,1
8720097,1
4977962,1
1899496,1
4530132,1
301889,1
3518302,1
11284723,1
8720869,1
5379865,1
11284799,1
8721267,1
3446549,1
11284870,1
2855017,1
8722967,1
8723100,1
8723303,1
8723150,1
8723153,1
8723478,1
8723479,1
8723555,1
11285190,1
11285395,1
11285442,1
8723784,1
11285753,1
4222127,1
8723890,1
11285974,1
8725412,1
8725460,1
8725626,1
11286297,1
3537721,1
11286593,1
718701,1
7524358,1
11287122,1
11287310,1
4045483,1
7417812,1
8727125,1
11287667,1
7956975,1
8727775,2
8728412,1
11288385,1
11288593,1
6747832,1
11289036,1
684864,2
11289112,1
8728817,1
8729023,1
8729298,1
8729448,1
11289586,1
11289638,1
2896906,1
8732662,1
7326705,1
11289781,1
8732772,1
11289976,1
11289982,1
8733325,1
8733339,1
11290293,1
8734130,1
11290339,1
8734303,2
8734518,1
1451572,1
11290577,1
11290618,1
11290642,1
11290727,1
8734825,1
3359904,1
2150716,1
8736613,1
11291159,1
11291183,1
8737105,1
2511731,1
6673205,1
8191069,1
3747682,1
11291782,1
8739156,1
11292071,1
11292139,1
11292260,1
11292300,1
11292400,1
11292422,1
8739680,1
8739805,1
11292919,1
11292961,1
4381570,1
8740146,1
11293345,1
1342218,1
11293702,1
3070027,1
8743178,1
5032467,1
8743105,1
8743478,1
11294068,1
11294141,1
8743895,1
2585080,1
8744031,1
11294242,1
11294475,1
11294609,1
905390,1
11294770,1
8488310,1
11295259,1
11295387,1
11295456,1
5087048,1
8744641,1
8744631,1
8744679,1
8744681,1
8744672,1
8744738,1
11295476,1
8744893,1
11295485,1
8745278,1
8745558,1
11295737,1
325070,1
1382595,1
8745772,1
11296162,1
11296218,1
11296228,1
982448,1
8745932,1
8653284,1
8746143,1
6839928,1
8746261,1
8746368,1
8747058,1
11296747,1
1626960,1
5513739,1
11297115,1
11297354,1
7580293,1
8747615,1
4872364,1
1411668,1
11297758,1
8748022,1
8748037,1
11297908,1
11298060,1
7886551,1
11298205,1
8748528,1
11298227,1
8748736,1
11298388,1
3980543,1
11298696,1
11298798,1
8197202,1
8749132,1
11298939,1
11298971,1
11299034,1
8749231,1
11299237,1
8749467,1
8751769,1
11299821,1
11300011,1
11300083,1
11300425,1
11300439,1
11300713,1
11301120,1
7110324,1
8752385,1
11301362,1
11301512,1
8753651,1
8753673,1
8753959,1
8753754,1
8754002,1
11301890,1
11302191,1
11302236,1
11302530,1
8754899,1
11302588,1
11302628,1
8755196,1
11302894,1
8756051,1
11303301,1
11303428,1
5911862,1
11303879,1
11304026,1
11304126,1
11304138,1
8757715,1
11304348,1
11304353,1
11304465,1
11304472,1
11304549,1
8758236,1
7480992,1
7684530,1
11304940,1
2855556,1
11305230,3
5343416,3
11305414,1
11305452,1
11305458,1
11305637,1
6637250,1
4806197,1
3417121,1
8759129,1
647035,1
11306146,1
1642803,4
1658787,3
2934285,1
